# sin2theta_W    chi2
  0.010000       19.3206
  0.010163       19.3138
  0.010327       19.3071
  0.010490       19.3003
  0.010653       19.2935
  0.010817       19.2867
  0.010980       19.2799
  0.011143       19.2731
  0.011307       19.2662
  0.011470       19.2594
  0.011633       19.2525
  0.011797       19.2456
  0.011960       19.2387
  0.012123       19.2318
  0.012287       19.2249
  0.012450       19.2180
  0.012613       19.2110
  0.012777       19.2041
  0.012940       19.1971
  0.013103       19.1902
  0.013267       19.1832
  0.013430       19.1762
  0.013593       19.1692
  0.013757       19.1621
  0.013920       19.1551
  0.014083       19.1481
  0.014247       19.1410
  0.014410       19.1339
  0.014573       19.1268
  0.014737       19.1197
  0.014900       19.1126
  0.015063       19.1055
  0.015227       19.0984
  0.015390       19.0912
  0.015553       19.0841
  0.015717       19.0769
  0.015880       19.0697
  0.016043       19.0625
  0.016207       19.0553
  0.016370       19.0481
  0.016533       19.0409
  0.016697       19.0336
  0.016860       19.0264
  0.017023       19.0191
  0.017187       19.0118
  0.017350       19.0046
  0.017513       18.9973
  0.017677       18.9899
  0.017840       18.9826
  0.018003       18.9753
  0.018167       18.9679
  0.018330       18.9606
  0.018493       18.9532
  0.018657       18.9458
  0.018820       18.9384
  0.018983       18.9310
  0.019147       18.9236
  0.019310       18.9162
  0.019473       18.9087
  0.019637       18.9013
  0.019800       18.8938
  0.019963       18.8863
  0.020127       18.8788
  0.020290       18.8713
  0.020453       18.8638
  0.020617       18.8563
  0.020780       18.8488
  0.020943       18.8412
  0.021107       18.8337
  0.021270       18.8261
  0.021433       18.8185
  0.021597       18.8109
  0.021760       18.8033
  0.021923       18.7957
  0.022087       18.7881
  0.022250       18.7804
  0.022413       18.7728
  0.022577       18.7651
  0.022740       18.7574
  0.022903       18.7497
  0.023067       18.7420
  0.023230       18.7343
  0.023393       18.7266
  0.023557       18.7189
  0.023720       18.7111
  0.023883       18.7034
  0.024047       18.6956
  0.024210       18.6878
  0.024373       18.6800
  0.024537       18.6722
  0.024700       18.6644
  0.024863       18.6566
  0.025027       18.6488
  0.025190       18.6409
  0.025353       18.6330
  0.025517       18.6252
  0.025680       18.6173
  0.025843       18.6094
  0.026007       18.6015
  0.026170       18.5936
  0.026333       18.5857
  0.026497       18.5777
  0.026660       18.5698
  0.026823       18.5618
  0.026987       18.5538
  0.027150       18.5459
  0.027313       18.5379
  0.027477       18.5299
  0.027640       18.5218
  0.027803       18.5138
  0.027967       18.5058
  0.028130       18.4977
  0.028293       18.4897
  0.028457       18.4816
  0.028620       18.4735
  0.028783       18.4654
  0.028947       18.4573
  0.029110       18.4492
  0.029273       18.4411
  0.029437       18.4329
  0.029600       18.4248
  0.029763       18.4166
  0.029927       18.4084
  0.030090       18.4003
  0.030253       18.3921
  0.030417       18.3839
  0.030580       18.3756
  0.030743       18.3674
  0.030907       18.3592
  0.031070       18.3509
  0.031233       18.3427
  0.031397       18.3344
  0.031560       18.3261
  0.031723       18.3178
  0.031887       18.3095
  0.032050       18.3012
  0.032213       18.2929
  0.032377       18.2846
  0.032540       18.2762
  0.032703       18.2679
  0.032867       18.2595
  0.033030       18.2511
  0.033193       18.2427
  0.033357       18.2343
  0.033520       18.2259
  0.033683       18.2175
  0.033847       18.2091
  0.034010       18.2006
  0.034173       18.1922
  0.034337       18.1837
  0.034500       18.1752
  0.034663       18.1667
  0.034827       18.1582
  0.034990       18.1497
  0.035153       18.1412
  0.035317       18.1327
  0.035480       18.1242
  0.035643       18.1156
  0.035807       18.1071
  0.035970       18.0985
  0.036133       18.0899
  0.036297       18.0813
  0.036460       18.0727
  0.036623       18.0641
  0.036787       18.0555
  0.036950       18.0468
  0.037113       18.0382
  0.037277       18.0296
  0.037440       18.0209
  0.037603       18.0122
  0.037767       18.0035
  0.037930       17.9948
  0.038093       17.9861
  0.038257       17.9774
  0.038420       17.9687
  0.038583       17.9600
  0.038747       17.9512
  0.038910       17.9425
  0.039073       17.9337
  0.039237       17.9249
  0.039400       17.9161
  0.039563       17.9073
  0.039727       17.8985
  0.039890       17.8897
  0.040053       17.8809
  0.040217       17.8721
  0.040380       17.8632
  0.040543       17.8544
  0.040707       17.8455
  0.040870       17.8366
  0.041033       17.8277
  0.041197       17.8188
  0.041360       17.8099
  0.041523       17.8010
  0.041687       17.7921
  0.041850       17.7831
  0.042013       17.7742
  0.042177       17.7652
  0.042340       17.7563
  0.042503       17.7473
  0.042667       17.7383
  0.042830       17.7293
  0.042993       17.7203
  0.043157       17.7113
  0.043320       17.7023
  0.043483       17.6932
  0.043647       17.6842
  0.043810       17.6751
  0.043973       17.6661
  0.044137       17.6570
  0.044300       17.6479
  0.044463       17.6388
  0.044627       17.6297
  0.044790       17.6206
  0.044953       17.6115
  0.045117       17.6023
  0.045280       17.5932
  0.045443       17.5840
  0.045607       17.5749
  0.045770       17.5657
  0.045933       17.5565
  0.046097       17.5473
  0.046260       17.5381
  0.046423       17.5289
  0.046587       17.5197
  0.046750       17.5105
  0.046913       17.5013
  0.047077       17.4920
  0.047240       17.4828
  0.047403       17.4735
  0.047567       17.4642
  0.047730       17.4549
  0.047893       17.4456
  0.048057       17.4363
  0.048220       17.4270
  0.048383       17.4177
  0.048547       17.4084
  0.048710       17.3990
  0.048873       17.3897
  0.049037       17.3803
  0.049200       17.3710
  0.049363       17.3616
  0.049527       17.3522
  0.049690       17.3428
  0.049853       17.3334
  0.050017       17.3240
  0.050180       17.3146
  0.050343       17.3051
  0.050507       17.2957
  0.050670       17.2862
  0.050833       17.2768
  0.050997       17.2673
  0.051160       17.2578
  0.051323       17.2484
  0.051487       17.2389
  0.051650       17.2294
  0.051813       17.2199
  0.051977       17.2103
  0.052140       17.2008
  0.052303       17.1913
  0.052467       17.1817
  0.052630       17.1722
  0.052793       17.1626
  0.052957       17.1530
  0.053120       17.1434
  0.053283       17.1339
  0.053447       17.1243
  0.053610       17.1146
  0.053773       17.1050
  0.053937       17.0954
  0.054100       17.0858
  0.054263       17.0761
  0.054427       17.0665
  0.054590       17.0568
  0.054753       17.0471
  0.054917       17.0375
  0.055080       17.0278
  0.055243       17.0181
  0.055407       17.0084
  0.055570       16.9987
  0.055733       16.9890
  0.055897       16.9792
  0.056060       16.9695
  0.056223       16.9597
  0.056387       16.9500
  0.056550       16.9402
  0.056713       16.9305
  0.056877       16.9207
  0.057040       16.9109
  0.057203       16.9011
  0.057367       16.8913
  0.057530       16.8815
  0.057693       16.8717
  0.057857       16.8618
  0.058020       16.8520
  0.058183       16.8422
  0.058347       16.8323
  0.058510       16.8224
  0.058673       16.8126
  0.058837       16.8027
  0.059000       16.7928
  0.059163       16.7829
  0.059327       16.7730
  0.059490       16.7631
  0.059653       16.7532
  0.059817       16.7433
  0.059980       16.7333
  0.060143       16.7234
  0.060307       16.7135
  0.060470       16.7035
  0.060633       16.6935
  0.060797       16.6836
  0.060960       16.6736
  0.061123       16.6636
  0.061287       16.6536
  0.061450       16.6436
  0.061613       16.6336
  0.061777       16.6236
  0.061940       16.6135
  0.062103       16.6035
  0.062267       16.5935
  0.062430       16.5834
  0.062593       16.5734
  0.062757       16.5633
  0.062920       16.5532
  0.063083       16.5431
  0.063247       16.5331
  0.063410       16.5230
  0.063573       16.5129
  0.063737       16.5028
  0.063900       16.4926
  0.064063       16.4825
  0.064227       16.4724
  0.064390       16.4622
  0.064553       16.4521
  0.064717       16.4419
  0.064880       16.4318
  0.065043       16.4216
  0.065207       16.4114
  0.065370       16.4013
  0.065533       16.3911
  0.065697       16.3809
  0.065860       16.3707
  0.066023       16.3604
  0.066187       16.3502
  0.066350       16.3400
  0.066513       16.3298
  0.066677       16.3195
  0.066840       16.3093
  0.067003       16.2990
  0.067167       16.2888
  0.067330       16.2785
  0.067493       16.2682
  0.067657       16.2579
  0.067820       16.2477
  0.067983       16.2374
  0.068147       16.2271
  0.068310       16.2168
  0.068473       16.2064
  0.068637       16.1961
  0.068800       16.1858
  0.068963       16.1754
  0.069127       16.1651
  0.069290       16.1548
  0.069453       16.1444
  0.069617       16.1340
  0.069780       16.1237
  0.069943       16.1133
  0.070107       16.1029
  0.070270       16.0925
  0.070433       16.0821
  0.070597       16.0717
  0.070760       16.0613
  0.070923       16.0509
  0.071087       16.0405
  0.071250       16.0300
  0.071413       16.0196
  0.071577       16.0092
  0.071740       15.9987
  0.071903       15.9883
  0.072067       15.9778
  0.072230       15.9673
  0.072393       15.9569
  0.072557       15.9464
  0.072720       15.9359
  0.072883       15.9254
  0.073047       15.9149
  0.073210       15.9044
  0.073373       15.8939
  0.073537       15.8834
  0.073700       15.8729
  0.073863       15.8623
  0.074027       15.8518
  0.074190       15.8413
  0.074353       15.8307
  0.074517       15.8202
  0.074680       15.8096
  0.074843       15.7990
  0.075007       15.7885
  0.075170       15.7779
  0.075333       15.7673
  0.075497       15.7567
  0.075660       15.7461
  0.075823       15.7355
  0.075987       15.7249
  0.076150       15.7143
  0.076313       15.7037
  0.076477       15.6931
  0.076640       15.6824
  0.076803       15.6718
  0.076967       15.6612
  0.077130       15.6505
  0.077293       15.6399
  0.077457       15.6292
  0.077620       15.6186
  0.077783       15.6079
  0.077947       15.5972
  0.078110       15.5865
  0.078273       15.5759
  0.078437       15.5652
  0.078600       15.5545
  0.078763       15.5438
  0.078927       15.5331
  0.079090       15.5224
  0.079253       15.5117
  0.079417       15.5009
  0.079580       15.4902
  0.079743       15.4795
  0.079907       15.4687
  0.080070       15.4580
  0.080233       15.4473
  0.080397       15.4365
  0.080560       15.4258
  0.080723       15.4150
  0.080887       15.4042
  0.081050       15.3935
  0.081213       15.3827
  0.081377       15.3719
  0.081540       15.3611
  0.081703       15.3503
  0.081867       15.3395
  0.082030       15.3287
  0.082193       15.3179
  0.082357       15.3071
  0.082520       15.2963
  0.082683       15.2855
  0.082847       15.2747
  0.083010       15.2638
  0.083173       15.2530
  0.083337       15.2422
  0.083500       15.2313
  0.083663       15.2205
  0.083827       15.2096
  0.083990       15.1988
  0.084153       15.1879
  0.084317       15.1770
  0.084480       15.1662
  0.084643       15.1553
  0.084807       15.1444
  0.084970       15.1335
  0.085133       15.1227
  0.085297       15.1118
  0.085460       15.1009
  0.085623       15.0900
  0.085787       15.0791
  0.085950       15.0682
  0.086113       15.0573
  0.086277       15.0463
  0.086440       15.0354
  0.086603       15.0245
  0.086767       15.0136
  0.086930       15.0026
  0.087093       14.9917
  0.087257       14.9808
  0.087420       14.9698
  0.087583       14.9589
  0.087747       14.9479
  0.087910       14.9370
  0.088073       14.9260
  0.088237       14.9150
  0.088400       14.9041
  0.088563       14.8931
  0.088727       14.8821
  0.088890       14.8712
  0.089053       14.8602
  0.089217       14.8492
  0.089380       14.8382
  0.089543       14.8272
  0.089707       14.8162
  0.089870       14.8052
  0.090033       14.7942
  0.090197       14.7832
  0.090360       14.7722
  0.090523       14.7612
  0.090687       14.7502
  0.090850       14.7391
  0.091013       14.7281
  0.091177       14.7171
  0.091340       14.7061
  0.091503       14.6950
  0.091667       14.6840
  0.091830       14.6730
  0.091993       14.6619
  0.092157       14.6509
  0.092320       14.6398
  0.092483       14.6288
  0.092647       14.6177
  0.092810       14.6067
  0.092973       14.5956
  0.093137       14.5845
  0.093300       14.5735
  0.093463       14.5624
  0.093627       14.5513
  0.093790       14.5403
  0.093953       14.5292
  0.094117       14.5181
  0.094280       14.5070
  0.094443       14.4959
  0.094607       14.4848
  0.094770       14.4738
  0.094933       14.4627
  0.095097       14.4516
  0.095260       14.4405
  0.095423       14.4294
  0.095587       14.4183
  0.095750       14.4072
  0.095913       14.3960
  0.096077       14.3849
  0.096240       14.3738
  0.096403       14.3627
  0.096567       14.3516
  0.096730       14.3405
  0.096893       14.3293
  0.097057       14.3182
  0.097220       14.3071
  0.097383       14.2960
  0.097547       14.2848
  0.097710       14.2737
  0.097873       14.2626
  0.098037       14.2514
  0.098200       14.2403
  0.098363       14.2291
  0.098527       14.2180
  0.098690       14.2068
  0.098853       14.1957
  0.099017       14.1846
  0.099180       14.1734
  0.099343       14.1622
  0.099507       14.1511
  0.099670       14.1399
  0.099833       14.1288
  0.099997       14.1176
  0.100160       14.1065
  0.100323       14.0953
  0.100487       14.0841
  0.100650       14.0730
  0.100813       14.0618
  0.100977       14.0506
  0.101140       14.0394
  0.101303       14.0283
  0.101467       14.0171
  0.101630       14.0059
  0.101793       13.9947
  0.101957       13.9836
  0.102120       13.9724
  0.102283       13.9612
  0.102447       13.9500
  0.102610       13.9388
  0.102773       13.9277
  0.102937       13.9165
  0.103100       13.9053
  0.103263       13.8941
  0.103427       13.8829
  0.103590       13.8717
  0.103753       13.8605
  0.103917       13.8493
  0.104080       13.8381
  0.104243       13.8269
  0.104407       13.8158
  0.104570       13.8046
  0.104733       13.7934
  0.104897       13.7822
  0.105060       13.7710
  0.105223       13.7598
  0.105387       13.7486
  0.105550       13.7374
  0.105713       13.7262
  0.105877       13.7150
  0.106040       13.7038
  0.106203       13.6926
  0.106367       13.6814
  0.106530       13.6702
  0.106693       13.6590
  0.106857       13.6478
  0.107020       13.6365
  0.107183       13.6253
  0.107347       13.6141
  0.107510       13.6029
  0.107673       13.5917
  0.107837       13.5805
  0.108000       13.5693
  0.108163       13.5581
  0.108327       13.5469
  0.108490       13.5357
  0.108653       13.5245
  0.108817       13.5133
  0.108980       13.5021
  0.109143       13.4909
  0.109307       13.4797
  0.109470       13.4685
  0.109633       13.4573
  0.109797       13.4461
  0.109960       13.4348
  0.110123       13.4236
  0.110287       13.4124
  0.110450       13.4012
  0.110613       13.3900
  0.110777       13.3788
  0.110940       13.3676
  0.111103       13.3564
  0.111267       13.3452
  0.111430       13.3340
  0.111593       13.3228
  0.111757       13.3116
  0.111920       13.3004
  0.112083       13.2892
  0.112247       13.2780
  0.112410       13.2668
  0.112573       13.2556
  0.112737       13.2444
  0.112900       13.2332
  0.113063       13.2220
  0.113227       13.2108
  0.113390       13.1996
  0.113553       13.1884
  0.113717       13.1773
  0.113880       13.1661
  0.114043       13.1549
  0.114207       13.1437
  0.114370       13.1325
  0.114533       13.1213
  0.114697       13.1101
  0.114860       13.0989
  0.115023       13.0878
  0.115187       13.0766
  0.115350       13.0654
  0.115513       13.0542
  0.115677       13.0430
  0.115840       13.0319
  0.116003       13.0207
  0.116167       13.0095
  0.116330       12.9984
  0.116493       12.9872
  0.116657       12.9760
  0.116820       12.9648
  0.116983       12.9537
  0.117147       12.9425
  0.117310       12.9314
  0.117473       12.9202
  0.117637       12.9090
  0.117800       12.8979
  0.117963       12.8867
  0.118127       12.8756
  0.118290       12.8644
  0.118453       12.8533
  0.118617       12.8421
  0.118780       12.8310
  0.118943       12.8198
  0.119107       12.8087
  0.119270       12.7976
  0.119433       12.7864
  0.119597       12.7753
  0.119760       12.7642
  0.119923       12.7530
  0.120087       12.7419
  0.120250       12.7308
  0.120413       12.7197
  0.120577       12.7085
  0.120740       12.6974
  0.120903       12.6863
  0.121067       12.6752
  0.121230       12.6641
  0.121393       12.6530
  0.121557       12.6419
  0.121720       12.6308
  0.121883       12.6197
  0.122047       12.6086
  0.122210       12.5975
  0.122373       12.5864
  0.122537       12.5753
  0.122700       12.5642
  0.122863       12.5531
  0.123027       12.5420
  0.123190       12.5310
  0.123353       12.5199
  0.123517       12.5088
  0.123680       12.4977
  0.123843       12.4867
  0.124007       12.4756
  0.124170       12.4645
  0.124333       12.4535
  0.124497       12.4424
  0.124660       12.4314
  0.124823       12.4203
  0.124987       12.4093
  0.125150       12.3983
  0.125313       12.3872
  0.125477       12.3762
  0.125640       12.3652
  0.125803       12.3541
  0.125967       12.3431
  0.126130       12.3321
  0.126293       12.3211
  0.126457       12.3101
  0.126620       12.2991
  0.126783       12.2880
  0.126947       12.2770
  0.127110       12.2660
  0.127273       12.2551
  0.127437       12.2441
  0.127600       12.2331
  0.127763       12.2221
  0.127927       12.2111
  0.128090       12.2001
  0.128253       12.1892
  0.128417       12.1782
  0.128580       12.1672
  0.128743       12.1563
  0.128907       12.1453
  0.129070       12.1344
  0.129233       12.1234
  0.129397       12.1125
  0.129560       12.1016
  0.129723       12.0906
  0.129887       12.0797
  0.130050       12.0688
  0.130213       12.0579
  0.130377       12.0469
  0.130540       12.0360
  0.130703       12.0251
  0.130867       12.0142
  0.131030       12.0033
  0.131193       11.9924
  0.131357       11.9815
  0.131520       11.9707
  0.131683       11.9598
  0.131847       11.9489
  0.132010       11.9380
  0.132173       11.9272
  0.132337       11.9163
  0.132500       11.9055
  0.132663       11.8946
  0.132827       11.8838
  0.132990       11.8729
  0.133153       11.8621
  0.133317       11.8513
  0.133480       11.8405
  0.133643       11.8296
  0.133807       11.8188
  0.133970       11.8080
  0.134133       11.7972
  0.134297       11.7864
  0.134460       11.7756
  0.134623       11.7648
  0.134787       11.7541
  0.134950       11.7433
  0.135113       11.7325
  0.135277       11.7217
  0.135440       11.7110
  0.135603       11.7002
  0.135767       11.6895
  0.135930       11.6787
  0.136093       11.6680
  0.136257       11.6573
  0.136420       11.6465
  0.136583       11.6358
  0.136747       11.6251
  0.136910       11.6144
  0.137073       11.6037
  0.137237       11.5930
  0.137400       11.5823
  0.137563       11.5716
  0.137727       11.5610
  0.137890       11.5503
  0.138053       11.5396
  0.138217       11.5290
  0.138380       11.5183
  0.138543       11.5077
  0.138707       11.4970
  0.138870       11.4864
  0.139033       11.4757
  0.139197       11.4651
  0.139360       11.4545
  0.139523       11.4439
  0.139687       11.4333
  0.139850       11.4227
  0.140013       11.4121
  0.140177       11.4015
  0.140340       11.3910
  0.140503       11.3804
  0.140667       11.3698
  0.140830       11.3593
  0.140993       11.3487
  0.141157       11.3382
  0.141320       11.3276
  0.141483       11.3171
  0.141647       11.3066
  0.141810       11.2961
  0.141973       11.2856
  0.142137       11.2751
  0.142300       11.2646
  0.142463       11.2541
  0.142627       11.2436
  0.142790       11.2331
  0.142953       11.2227
  0.143117       11.2122
  0.143280       11.2017
  0.143443       11.1913
  0.143607       11.1809
  0.143770       11.1704
  0.143933       11.1600
  0.144097       11.1496
  0.144260       11.1392
  0.144423       11.1288
  0.144587       11.1184
  0.144750       11.1080
  0.144913       11.0976
  0.145077       11.0873
  0.145240       11.0769
  0.145403       11.0666
  0.145567       11.0562
  0.145730       11.0459
  0.145893       11.0355
  0.146057       11.0252
  0.146220       11.0149
  0.146383       11.0046
  0.146547       10.9943
  0.146710       10.9840
  0.146873       10.9737
  0.147037       10.9634
  0.147200       10.9532
  0.147363       10.9429
  0.147527       10.9327
  0.147690       10.9224
  0.147853       10.9122
  0.148017       10.9020
  0.148180       10.8918
  0.148343       10.8815
  0.148507       10.8713
  0.148670       10.8612
  0.148833       10.8510
  0.148997       10.8408
  0.149160       10.8306
  0.149323       10.8205
  0.149487       10.8103
  0.149650       10.8002
  0.149813       10.7900
  0.149977       10.7799
  0.150140       10.7698
  0.150303       10.7597
  0.150467       10.7496
  0.150630       10.7395
  0.150793       10.7294
  0.150957       10.7194
  0.151120       10.7093
  0.151283       10.6992
  0.151447       10.6892
  0.151610       10.6792
  0.151773       10.6691
  0.151937       10.6591
  0.152100       10.6491
  0.152263       10.6391
  0.152427       10.6291
  0.152590       10.6192
  0.152753       10.6092
  0.152917       10.5992
  0.153080       10.5893
  0.153243       10.5793
  0.153407       10.5694
  0.153570       10.5595
  0.153733       10.5496
  0.153897       10.5397
  0.154060       10.5298
  0.154223       10.5199
  0.154387       10.5100
  0.154550       10.5001
  0.154713       10.4903
  0.154877       10.4804
  0.155040       10.4706
  0.155203       10.4608
  0.155367       10.4510
  0.155530       10.4411
  0.155693       10.4314
  0.155857       10.4216
  0.156020       10.4118
  0.156183       10.4020
  0.156347       10.3923
  0.156510       10.3825
  0.156673       10.3728
  0.156837       10.3631
  0.157000       10.3533
  0.157163       10.3436
  0.157327       10.3339
  0.157490       10.3243
  0.157653       10.3146
  0.157817       10.3049
  0.157980       10.2953
  0.158143       10.2856
  0.158307       10.2760
  0.158470       10.2664
  0.158633       10.2567
  0.158797       10.2471
  0.158960       10.2376
  0.159123       10.2280
  0.159287       10.2184
  0.159450       10.2088
  0.159613       10.1993
  0.159777       10.1898
  0.159940       10.1802
  0.160103       10.1707
  0.160267       10.1612
  0.160430       10.1517
  0.160593       10.1422
  0.160757       10.1328
  0.160920       10.1233
  0.161083       10.1139
  0.161247       10.1044
  0.161410       10.0950
  0.161573       10.0856
  0.161737       10.0762
  0.161900       10.0668
  0.162063       10.0574
  0.162227       10.0480
  0.162390       10.0387
  0.162553       10.0293
  0.162717       10.0200
  0.162880       10.0106
  0.163043       10.0013
  0.163207        9.9920
  0.163370        9.9827
  0.163533        9.9735
  0.163697        9.9642
  0.163860        9.9549
  0.164023        9.9457
  0.164187        9.9365
  0.164350        9.9272
  0.164513        9.9180
  0.164677        9.9088
  0.164840        9.8996
  0.165003        9.8905
  0.165167        9.8813
  0.165330        9.8722
  0.165493        9.8630
  0.165657        9.8539
  0.165820        9.8448
  0.165983        9.8357
  0.166147        9.8266
  0.166310        9.8175
  0.166473        9.8084
  0.166637        9.7994
  0.166800        9.7903
  0.166963        9.7813
  0.167127        9.7723
  0.167290        9.7633
  0.167453        9.7543
  0.167617        9.7453
  0.167780        9.7364
  0.167943        9.7274
  0.168107        9.7185
  0.168270        9.7095
  0.168433        9.7006
  0.168597        9.6917
  0.168760        9.6828
  0.168923        9.6739
  0.169087        9.6651
  0.169250        9.6562
  0.169413        9.6474
  0.169577        9.6385
  0.169740        9.6297
  0.169903        9.6209
  0.170067        9.6121
  0.170230        9.6034
  0.170393        9.5946
  0.170557        9.5858
  0.170720        9.5771
  0.170883        9.5684
  0.171047        9.5597
  0.171210        9.5510
  0.171373        9.5423
  0.171537        9.5336
  0.171700        9.5250
  0.171863        9.5163
  0.172027        9.5077
  0.172190        9.4991
  0.172353        9.4904
  0.172517        9.4819
  0.172680        9.4733
  0.172843        9.4647
  0.173007        9.4562
  0.173170        9.4476
  0.173333        9.4391
  0.173497        9.4306
  0.173660        9.4221
  0.173823        9.4136
  0.173987        9.4051
  0.174150        9.3967
  0.174313        9.3882
  0.174477        9.3798
  0.174640        9.3714
  0.174803        9.3630
  0.174967        9.3546
  0.175130        9.3462
  0.175293        9.3379
  0.175457        9.3295
  0.175620        9.3212
  0.175783        9.3129
  0.175947        9.3045
  0.176110        9.2963
  0.176273        9.2880
  0.176437        9.2797
  0.176600        9.2715
  0.176763        9.2632
  0.176927        9.2550
  0.177090        9.2468
  0.177253        9.2386
  0.177417        9.2304
  0.177580        9.2223
  0.177743        9.2141
  0.177907        9.2060
  0.178070        9.1979
  0.178233        9.1898
  0.178397        9.1817
  0.178560        9.1736
  0.178723        9.1655
  0.178887        9.1575
  0.179050        9.1495
  0.179213        9.1414
  0.179377        9.1334
  0.179540        9.1254
  0.179703        9.1175
  0.179867        9.1095
  0.180030        9.1016
  0.180193        9.0936
  0.180357        9.0857
  0.180520        9.0778
  0.180683        9.0699
  0.180847        9.0621
  0.181010        9.0542
  0.181173        9.0464
  0.181337        9.0385
  0.181500        9.0307
  0.181663        9.0229
  0.181827        9.0152
  0.181990        9.0074
  0.182153        8.9996
  0.182317        8.9919
  0.182480        8.9842
  0.182643        8.9765
  0.182807        8.9688
  0.182970        8.9611
  0.183133        8.9535
  0.183297        8.9458
  0.183460        8.9382
  0.183623        8.9306
  0.183787        8.9230
  0.183950        8.9154
  0.184113        8.9078
  0.184277        8.9003
  0.184440        8.8928
  0.184603        8.8852
  0.184767        8.8777
  0.184930        8.8702
  0.185093        8.8628
  0.185257        8.8553
  0.185420        8.8479
  0.185583        8.8404
  0.185747        8.8330
  0.185910        8.8256
  0.186073        8.8183
  0.186237        8.8109
  0.186400        8.8036
  0.186563        8.7962
  0.186727        8.7889
  0.186890        8.7816
  0.187053        8.7743
  0.187217        8.7671
  0.187380        8.7598
  0.187543        8.7526
  0.187707        8.7454
  0.187870        8.7382
  0.188033        8.7310
  0.188197        8.7238
  0.188360        8.7167
  0.188523        8.7095
  0.188687        8.7024
  0.188850        8.6953
  0.189013        8.6882
  0.189177        8.6811
  0.189340        8.6741
  0.189503        8.6670
  0.189667        8.6600
  0.189830        8.6530
  0.189993        8.6460
  0.190157        8.6390
  0.190320        8.6321
  0.190483        8.6251
  0.190647        8.6182
  0.190810        8.6113
  0.190973        8.6044
  0.191137        8.5975
  0.191300        8.5907
  0.191463        8.5838
  0.191627        8.5770
  0.191790        8.5702
  0.191953        8.5634
  0.192117        8.5567
  0.192280        8.5499
  0.192443        8.5432
  0.192607        8.5364
  0.192770        8.5297
  0.192933        8.5230
  0.193097        8.5164
  0.193260        8.5097
  0.193423        8.5031
  0.193587        8.4964
  0.193750        8.4898
  0.193913        8.4833
  0.194077        8.4767
  0.194240        8.4701
  0.194403        8.4636
  0.194567        8.4571
  0.194730        8.4506
  0.194893        8.4441
  0.195057        8.4376
  0.195220        8.4312
  0.195383        8.4247
  0.195547        8.4183
  0.195710        8.4119
  0.195873        8.4055
  0.196037        8.3992
  0.196200        8.3928
  0.196363        8.3865
  0.196527        8.3802
  0.196690        8.3739
  0.196853        8.3676
  0.197017        8.3614
  0.197180        8.3551
  0.197343        8.3489
  0.197507        8.3427
  0.197670        8.3365
  0.197833        8.3303
  0.197997        8.3242
  0.198160        8.3180
  0.198323        8.3119
  0.198487        8.3058
  0.198650        8.2997
  0.198813        8.2937
  0.198977        8.2876
  0.199140        8.2816
  0.199303        8.2756
  0.199467        8.2696
  0.199630        8.2636
  0.199793        8.2577
  0.199957        8.2517
  0.200120        8.2458
  0.200283        8.2399
  0.200447        8.2340
  0.200610        8.2281
  0.200773        8.2223
  0.200937        8.2165
  0.201100        8.2107
  0.201263        8.2049
  0.201427        8.1991
  0.201590        8.1933
  0.201753        8.1876
  0.201917        8.1819
  0.202080        8.1762
  0.202243        8.1705
  0.202407        8.1648
  0.202570        8.1591
  0.202733        8.1535
  0.202897        8.1479
  0.203060        8.1423
  0.203223        8.1367
  0.203387        8.1312
  0.203550        8.1256
  0.203713        8.1201
  0.203877        8.1146
  0.204040        8.1091
  0.204203        8.1037
  0.204367        8.0982
  0.204530        8.0928
  0.204693        8.0874
  0.204857        8.0820
  0.205020        8.0766
  0.205183        8.0712
  0.205347        8.0659
  0.205510        8.0606
  0.205673        8.0553
  0.205837        8.0500
  0.206000        8.0447
  0.206163        8.0395
  0.206327        8.0343
  0.206490        8.0291
  0.206653        8.0239
  0.206817        8.0187
  0.206980        8.0136
  0.207143        8.0084
  0.207307        8.0033
  0.207470        7.9982
  0.207633        7.9931
  0.207797        7.9881
  0.207960        7.9831
  0.208123        7.9780
  0.208287        7.9730
  0.208450        7.9681
  0.208613        7.9631
  0.208777        7.9582
  0.208940        7.9532
  0.209103        7.9483
  0.209267        7.9434
  0.209430        7.9386
  0.209593        7.9337
  0.209757        7.9289
  0.209920        7.9241
  0.210083        7.9193
  0.210247        7.9145
  0.210410        7.9098
  0.210573        7.9050
  0.210737        7.9003
  0.210900        7.8956
  0.211063        7.8910
  0.211227        7.8863
  0.211390        7.8817
  0.211553        7.8771
  0.211717        7.8725
  0.211880        7.8679
  0.212043        7.8633
  0.212207        7.8588
  0.212370        7.8543
  0.212533        7.8498
  0.212697        7.8453
  0.212860        7.8408
  0.213023        7.8364
  0.213187        7.8319
  0.213350        7.8275
  0.213513        7.8232
  0.213677        7.8188
  0.213840        7.8144
  0.214003        7.8101
  0.214167        7.8058
  0.214330        7.8015
  0.214493        7.7972
  0.214657        7.7930
  0.214820        7.7888
  0.214983        7.7846
  0.215147        7.7804
  0.215310        7.7762
  0.215473        7.7721
  0.215637        7.7679
  0.215800        7.7638
  0.215963        7.7597
  0.216127        7.7556
  0.216290        7.7516
  0.216453        7.7476
  0.216617        7.7435
  0.216780        7.7396
  0.216943        7.7356
  0.217107        7.7316
  0.217270        7.7277
  0.217433        7.7238
  0.217597        7.7199
  0.217760        7.7160
  0.217923        7.7122
  0.218087        7.7083
  0.218250        7.7045
  0.218413        7.7007
  0.218577        7.6969
  0.218740        7.6932
  0.218903        7.6894
  0.219067        7.6857
  0.219230        7.6820
  0.219393        7.6784
  0.219557        7.6747
  0.219720        7.6711
  0.219883        7.6674
  0.220047        7.6638
  0.220210        7.6603
  0.220373        7.6567
  0.220537        7.6532
  0.220700        7.6497
  0.220863        7.6462
  0.221027        7.6427
  0.221190        7.6392
  0.221353        7.6358
  0.221517        7.6324
  0.221680        7.6290
  0.221843        7.6256
  0.222007        7.6223
  0.222170        7.6189
  0.222333        7.6156
  0.222497        7.6123
  0.222660        7.6090
  0.222823        7.6058
  0.222987        7.6025
  0.223150        7.5993
  0.223313        7.5961
  0.223477        7.5930
  0.223640        7.5898
  0.223803        7.5867
  0.223967        7.5836
  0.224130        7.5805
  0.224293        7.5774
  0.224457        7.5743
  0.224620        7.5713
  0.224783        7.5683
  0.224947        7.5653
  0.225110        7.5623
  0.225273        7.5594
  0.225437        7.5564
  0.225600        7.5535
  0.225763        7.5506
  0.225927        7.5478
  0.226090        7.5449
  0.226253        7.5421
  0.226417        7.5393
  0.226580        7.5365
  0.226743        7.5337
  0.226907        7.5310
  0.227070        7.5283
  0.227233        7.5255
  0.227397        7.5229
  0.227560        7.5202
  0.227723        7.5175
  0.227887        7.5149
  0.228050        7.5123
  0.228213        7.5097
  0.228377        7.5072
  0.228540        7.5046
  0.228703        7.5021
  0.228867        7.4996
  0.229030        7.4971
  0.229193        7.4947
  0.229357        7.4922
  0.229520        7.4898
  0.229683        7.4874
  0.229847        7.4850
  0.230010        7.4826
  0.230173        7.4803
  0.230337        7.4780
  0.230500        7.4757
  0.230663        7.4734
  0.230827        7.4712
  0.230990        7.4689
  0.231153        7.4667
  0.231317        7.4645
  0.231480        7.4623
  0.231643        7.4602
  0.231807        7.4580
  0.231970        7.4559
  0.232133        7.4538
  0.232297        7.4518
  0.232460        7.4497
  0.232623        7.4477
  0.232787        7.4457
  0.232950        7.4437
  0.233113        7.4417
  0.233277        7.4398
  0.233440        7.4378
  0.233603        7.4359
  0.233767        7.4341
  0.233930        7.4322
  0.234093        7.4303
  0.234257        7.4285
  0.234420        7.4267
  0.234583        7.4249
  0.234747        7.4232
  0.234910        7.4214
  0.235073        7.4197
  0.235237        7.4180
  0.235400        7.4163
  0.235563        7.4147
  0.235727        7.4130
  0.235890        7.4114
  0.236053        7.4098
  0.236217        7.4082
  0.236380        7.4067
  0.236543        7.4051
  0.236707        7.4036
  0.236870        7.4021
  0.237033        7.4007
  0.237197        7.3992
  0.237360        7.3978
  0.237523        7.3964
  0.237687        7.3950
  0.237850        7.3936
  0.238013        7.3923
  0.238177        7.3909
  0.238340        7.3896
  0.238503        7.3883
  0.238667        7.3871
  0.238830        7.3858
  0.238993        7.3846
  0.239157        7.3834
  0.239320        7.3822
  0.239483        7.3811
  0.239647        7.3799
  0.239810        7.3788
  0.239973        7.3777
  0.240137        7.3766
  0.240300        7.3756
  0.240463        7.3745
  0.240627        7.3735
  0.240790        7.3725
  0.240953        7.3715
  0.241117        7.3706
  0.241280        7.3696
  0.241443        7.3687
  0.241607        7.3678
  0.241770        7.3670
  0.241933        7.3661
  0.242097        7.3653
  0.242260        7.3645
  0.242423        7.3637
  0.242587        7.3629
  0.242750        7.3622
  0.242913        7.3614
  0.243077        7.3607
  0.243240        7.3600
  0.243403        7.3594
  0.243567        7.3587
  0.243730        7.3581
  0.243893        7.3575
  0.244057        7.3569
  0.244220        7.3564
  0.244383        7.3558
  0.244547        7.3553
  0.244710        7.3548
  0.244873        7.3543
  0.245037        7.3539
  0.245200        7.3534
  0.245363        7.3530
  0.245527        7.3526
  0.245690        7.3522
  0.245853        7.3519
  0.246017        7.3515
  0.246180        7.3512
  0.246343        7.3509
  0.246507        7.3507
  0.246670        7.3504
  0.246833        7.3502
  0.246997        7.3500
  0.247160        7.3498
  0.247323        7.3496
  0.247487        7.3495
  0.247650        7.3493
  0.247813        7.3492
  0.247977        7.3492
  0.248140        7.3491
  0.248303        7.3490
  0.248467        7.3490
  0.248630        7.3490
  0.248793        7.3490
  0.248957        7.3491
  0.249120        7.3491
  0.249283        7.3492
  0.249447        7.3493
  0.249610        7.3494
  0.249773        7.3496
  0.249937        7.3497
  0.250100        7.3499
  0.250263        7.3501
  0.250427        7.3503
  0.250590        7.3506
  0.250753        7.3508
  0.250917        7.3511
  0.251080        7.3514
  0.251243        7.3518
  0.251407        7.3521
  0.251570        7.3525
  0.251733        7.3529
  0.251897        7.3533
  0.252060        7.3537
  0.252223        7.3542
  0.252387        7.3546
  0.252550        7.3551
  0.252713        7.3556
  0.252877        7.3562
  0.253040        7.3567
  0.253203        7.3573
  0.253367        7.3579
  0.253530        7.3585
  0.253693        7.3591
  0.253857        7.3598
  0.254020        7.3605
  0.254183        7.3611
  0.254347        7.3619
  0.254510        7.3626
  0.254673        7.3634
  0.254837        7.3641
  0.255000        7.3649
  0.255163        7.3658
  0.255327        7.3666
  0.255490        7.3674
  0.255653        7.3683
  0.255817        7.3692
  0.255980        7.3701
  0.256143        7.3711
  0.256307        7.3720
  0.256470        7.3730
  0.256633        7.3740
  0.256797        7.3751
  0.256960        7.3761
  0.257123        7.3772
  0.257287        7.3782
  0.257450        7.3793
  0.257613        7.3805
  0.257777        7.3816
  0.257940        7.3828
  0.258103        7.3840
  0.258267        7.3852
  0.258430        7.3864
  0.258593        7.3876
  0.258757        7.3889
  0.258920        7.3902
  0.259083        7.3915
  0.259247        7.3928
  0.259410        7.3942
  0.259573        7.3955
  0.259737        7.3969
  0.259900        7.3983
  0.260063        7.3997
  0.260227        7.4012
  0.260390        7.4027
  0.260553        7.4041
  0.260717        7.4057
  0.260880        7.4072
  0.261043        7.4087
  0.261207        7.4103
  0.261370        7.4119
  0.261533        7.4135
  0.261697        7.4151
  0.261860        7.4168
  0.262023        7.4184
  0.262187        7.4201
  0.262350        7.4218
  0.262513        7.4236
  0.262677        7.4253
  0.262840        7.4271
  0.263003        7.4289
  0.263167        7.4307
  0.263330        7.4325
  0.263493        7.4344
  0.263657        7.4362
  0.263820        7.4381
  0.263983        7.4400
  0.264147        7.4419
  0.264310        7.4439
  0.264473        7.4459
  0.264637        7.4478
  0.264800        7.4499
  0.264963        7.4519
  0.265127        7.4539
  0.265290        7.4560
  0.265453        7.4581
  0.265617        7.4602
  0.265780        7.4623
  0.265943        7.4645
  0.266107        7.4666
  0.266270        7.4688
  0.266433        7.4710
  0.266597        7.4732
  0.266760        7.4755
  0.266923        7.4777
  0.267087        7.4800
  0.267250        7.4823
  0.267413        7.4847
  0.267577        7.4870
  0.267740        7.4894
  0.267903        7.4917
  0.268067        7.4941
  0.268230        7.4966
  0.268393        7.4990
  0.268557        7.5015
  0.268720        7.5040
  0.268883        7.5065
  0.269047        7.5090
  0.269210        7.5115
  0.269373        7.5141
  0.269537        7.5166
  0.269700        7.5192
  0.269863        7.5219
  0.270027        7.5245
  0.270190        7.5272
  0.270353        7.5298
  0.270517        7.5325
  0.270680        7.5352
  0.270843        7.5380
  0.271007        7.5407
  0.271170        7.5435
  0.271333        7.5463
  0.271497        7.5491
  0.271660        7.5519
  0.271823        7.5548
  0.271987        7.5576
  0.272150        7.5605
  0.272313        7.5634
  0.272477        7.5664
  0.272640        7.5693
  0.272803        7.5723
  0.272967        7.5753
  0.273130        7.5783
  0.273293        7.5813
  0.273457        7.5843
  0.273620        7.5874
  0.273783        7.5905
  0.273947        7.5936
  0.274110        7.5967
  0.274273        7.5998
  0.274437        7.6030
  0.274600        7.6061
  0.274763        7.6093
  0.274927        7.6126
  0.275090        7.6158
  0.275253        7.6190
  0.275417        7.6223
  0.275580        7.6256
  0.275743        7.6289
  0.275907        7.6322
  0.276070        7.6356
  0.276233        7.6389
  0.276397        7.6423
  0.276560        7.6457
  0.276723        7.6491
  0.276887        7.6526
  0.277050        7.6560
  0.277213        7.6595
  0.277377        7.6630
  0.277540        7.6665
  0.277703        7.6701
  0.277867        7.6736
  0.278030        7.6772
  0.278193        7.6808
  0.278357        7.6844
  0.278520        7.6880
  0.278683        7.6917
  0.278847        7.6953
  0.279010        7.6990
  0.279173        7.7027
  0.279337        7.7064
  0.279500        7.7102
  0.279663        7.7139
  0.279827        7.7177
  0.279990        7.7215
  0.280153        7.7253
  0.280317        7.7291
  0.280480        7.7330
  0.280643        7.7369
  0.280807        7.7407
  0.280970        7.7446
  0.281133        7.7486
  0.281297        7.7525
  0.281460        7.7565
  0.281623        7.7604
  0.281787        7.7644
  0.281950        7.7685
  0.282113        7.7725
  0.282277        7.7765
  0.282440        7.7806
  0.282603        7.7847
  0.282767        7.7888
  0.282930        7.7929
  0.283093        7.7971
  0.283257        7.8012
  0.283420        7.8054
  0.283583        7.8096
  0.283747        7.8138
  0.283910        7.8180
  0.284073        7.8223
  0.284237        7.8266
  0.284400        7.8308
  0.284563        7.8352
  0.284727        7.8395
  0.284890        7.8438
  0.285053        7.8482
  0.285217        7.8525
  0.285380        7.8569
  0.285543        7.8614
  0.285707        7.8658
  0.285870        7.8702
  0.286033        7.8747
  0.286197        7.8792
  0.286360        7.8837
  0.286523        7.8882
  0.286687        7.8927
  0.286850        7.8973
  0.287013        7.9019
  0.287177        7.9064
  0.287340        7.9111
  0.287503        7.9157
  0.287667        7.9203
  0.287830        7.9250
  0.287993        7.9297
  0.288157        7.9344
  0.288320        7.9391
  0.288483        7.9438
  0.288647        7.9485
  0.288810        7.9533
  0.288973        7.9581
  0.289137        7.9629
  0.289300        7.9677
  0.289463        7.9725
  0.289627        7.9774
  0.289790        7.9823
  0.289953        7.9871
  0.290117        7.9920
  0.290280        7.9970
  0.290443        8.0019
  0.290607        8.0069
  0.290770        8.0118
  0.290933        8.0168
  0.291097        8.0218
  0.291260        8.0269
  0.291423        8.0319
  0.291587        8.0370
  0.291750        8.0420
  0.291913        8.0471
  0.292077        8.0522
  0.292240        8.0574
  0.292403        8.0625
  0.292567        8.0677
  0.292730        8.0728
  0.292893        8.0780
  0.293057        8.0832
  0.293220        8.0885
  0.293383        8.0937
  0.293547        8.0990
  0.293710        8.1043
  0.293873        8.1096
  0.294037        8.1149
  0.294200        8.1202
  0.294363        8.1255
  0.294527        8.1309
  0.294690        8.1363
  0.294853        8.1417
  0.295017        8.1471
  0.295180        8.1525
  0.295343        8.1580
  0.295507        8.1634
  0.295670        8.1689
  0.295833        8.1744
  0.295997        8.1799
  0.296160        8.1854
  0.296323        8.1910
  0.296487        8.1965
  0.296650        8.2021
  0.296813        8.2077
  0.296977        8.2133
  0.297140        8.2190
  0.297303        8.2246
  0.297467        8.2303
  0.297630        8.2359
  0.297793        8.2416
  0.297957        8.2473
  0.298120        8.2531
  0.298283        8.2588
  0.298447        8.2646
  0.298610        8.2703
  0.298773        8.2761
  0.298937        8.2819
  0.299100        8.2877
  0.299263        8.2936
  0.299427        8.2994
  0.299590        8.3053
  0.299753        8.3112
  0.299917        8.3171
  0.300080        8.3230
  0.300243        8.3289
  0.300407        8.3349
  0.300570        8.3409
  0.300733        8.3468
  0.300897        8.3528
  0.301060        8.3588
  0.301223        8.3649
  0.301387        8.3709
  0.301550        8.3770
  0.301713        8.3831
  0.301877        8.3891
  0.302040        8.3952
  0.302203        8.4014
  0.302367        8.4075
  0.302530        8.4137
  0.302693        8.4198
  0.302857        8.4260
  0.303020        8.4322
  0.303183        8.4384
  0.303347        8.4447
  0.303510        8.4509
  0.303673        8.4572
  0.303837        8.4635
  0.304000        8.4697
  0.304163        8.4761
  0.304327        8.4824
  0.304490        8.4887
  0.304653        8.4951
  0.304817        8.5014
  0.304980        8.5078
  0.305143        8.5142
  0.305307        8.5206
  0.305470        8.5271
  0.305633        8.5335
  0.305797        8.5400
  0.305960        8.5465
  0.306123        8.5529
  0.306287        8.5595
  0.306450        8.5660
  0.306613        8.5725
  0.306777        8.5791
  0.306940        8.5856
  0.307103        8.5922
  0.307267        8.5988
  0.307430        8.6054
  0.307593        8.6120
  0.307757        8.6187
  0.307920        8.6253
  0.308083        8.6320
  0.308247        8.6387
  0.308410        8.6454
  0.308573        8.6521
  0.308737        8.6588
  0.308900        8.6656
  0.309063        8.6723
  0.309227        8.6791
  0.309390        8.6859
  0.309553        8.6927
  0.309717        8.6995
  0.309880        8.7063
  0.310043        8.7132
  0.310207        8.7200
  0.310370        8.7269
  0.310533        8.7338
  0.310697        8.7407
  0.310860        8.7476
  0.311023        8.7546
  0.311187        8.7615
  0.311350        8.7685
  0.311513        8.7754
  0.311677        8.7824
  0.311840        8.7894
  0.312003        8.7965
  0.312167        8.8035
  0.312330        8.8105
  0.312493        8.8176
  0.312657        8.8247
  0.312820        8.8318
  0.312983        8.8389
  0.313147        8.8460
  0.313310        8.8531
  0.313473        8.8602
  0.313637        8.8674
  0.313800        8.8746
  0.313963        8.8818
  0.314127        8.8890
  0.314290        8.8962
  0.314453        8.9034
  0.314617        8.9106
  0.314780        8.9179
  0.314943        8.9252
  0.315107        8.9324
  0.315270        8.9397
  0.315433        8.9471
  0.315597        8.9544
  0.315760        8.9617
  0.315923        8.9691
  0.316087        8.9764
  0.316250        8.9838
  0.316413        8.9912
  0.316577        8.9986
  0.316740        9.0060
  0.316903        9.0134
  0.317067        9.0209
  0.317230        9.0284
  0.317393        9.0358
  0.317557        9.0433
  0.317720        9.0508
  0.317883        9.0583
  0.318047        9.0658
  0.318210        9.0734
  0.318373        9.0809
  0.318537        9.0885
  0.318700        9.0961
  0.318863        9.1037
  0.319027        9.1113
  0.319190        9.1189
  0.319353        9.1265
  0.319517        9.1342
  0.319680        9.1418
  0.319843        9.1495
  0.320007        9.1572
  0.320170        9.1649
  0.320333        9.1726
  0.320497        9.1803
  0.320660        9.1880
  0.320823        9.1958
  0.320987        9.2035
  0.321150        9.2113
  0.321313        9.2191
  0.321477        9.2269
  0.321640        9.2347
  0.321803        9.2425
  0.321967        9.2503
  0.322130        9.2582
  0.322293        9.2661
  0.322457        9.2739
  0.322620        9.2818
  0.322783        9.2897
  0.322947        9.2976
  0.323110        9.3055
  0.323273        9.3135
  0.323437        9.3214
  0.323600        9.3294
  0.323763        9.3374
  0.323927        9.3453
  0.324090        9.3533
  0.324253        9.3613
  0.324417        9.3694
  0.324580        9.3774
  0.324743        9.3854
  0.324907        9.3935
  0.325070        9.4016
  0.325233        9.4097
  0.325397        9.4178
  0.325560        9.4259
  0.325723        9.4340
  0.325887        9.4421
  0.326050        9.4503
  0.326213        9.4584
  0.326377        9.4666
  0.326540        9.4748
  0.326703        9.4829
  0.326867        9.4911
  0.327030        9.4994
  0.327193        9.5076
  0.327357        9.5158
  0.327520        9.5241
  0.327683        9.5323
  0.327847        9.5406
  0.328010        9.5489
  0.328173        9.5572
  0.328337        9.5655
  0.328500        9.5738
  0.328663        9.5821
  0.328827        9.5905
  0.328990        9.5988
  0.329153        9.6072
  0.329317        9.6156
  0.329480        9.6240
  0.329643        9.6324
  0.329807        9.6408
  0.329970        9.6492
  0.330133        9.6576
  0.330297        9.6661
  0.330460        9.6745
  0.330623        9.6830
  0.330787        9.6915
  0.330950        9.7000
  0.331113        9.7085
  0.331277        9.7170
  0.331440        9.7255
  0.331603        9.7341
  0.331767        9.7426
  0.331930        9.7512
  0.332093        9.7597
  0.332257        9.7683
  0.332420        9.7769
  0.332583        9.7855
  0.332747        9.7941
  0.332910        9.8027
  0.333073        9.8114
  0.333237        9.8200
  0.333400        9.8287
  0.333563        9.8373
  0.333727        9.8460
  0.333890        9.8547
  0.334053        9.8634
  0.334217        9.8721
  0.334380        9.8808
  0.334543        9.8896
  0.334707        9.8983
  0.334870        9.9070
  0.335033        9.9158
  0.335197        9.9246
  0.335360        9.9334
  0.335523        9.9422
  0.335687        9.9510
  0.335850        9.9598
  0.336013        9.9686
  0.336177        9.9774
  0.336340        9.9863
  0.336503        9.9951
  0.336667       10.0040
  0.336830       10.0129
  0.336993       10.0218
  0.337157       10.0307
  0.337320       10.0396
  0.337483       10.0485
  0.337647       10.0574
  0.337810       10.0664
  0.337973       10.0753
  0.338137       10.0843
  0.338300       10.0932
  0.338463       10.1022
  0.338627       10.1112
  0.338790       10.1202
  0.338953       10.1292
  0.339117       10.1382
  0.339280       10.1472
  0.339443       10.1563
  0.339607       10.1653
  0.339770       10.1744
  0.339933       10.1835
  0.340097       10.1925
  0.340260       10.2016
  0.340423       10.2107
  0.340587       10.2198
  0.340750       10.2289
  0.340913       10.2381
  0.341077       10.2472
  0.341240       10.2563
  0.341403       10.2655
  0.341567       10.2747
  0.341730       10.2838
  0.341893       10.2930
  0.342057       10.3022
  0.342220       10.3114
  0.342383       10.3206
  0.342547       10.3298
  0.342710       10.3391
  0.342873       10.3483
  0.343037       10.3576
  0.343200       10.3668
  0.343363       10.3761
  0.343527       10.3854
  0.343690       10.3946
  0.343853       10.4039
  0.344017       10.4132
  0.344180       10.4226
  0.344343       10.4319
  0.344507       10.4412
  0.344670       10.4506
  0.344833       10.4599
  0.344997       10.4693
  0.345160       10.4786
  0.345323       10.4880
  0.345487       10.4974
  0.345650       10.5068
  0.345813       10.5162
  0.345977       10.5256
  0.346140       10.5350
  0.346303       10.5444
  0.346467       10.5539
  0.346630       10.5633
  0.346793       10.5728
  0.346957       10.5823
  0.347120       10.5917
  0.347283       10.6012
  0.347447       10.6107
  0.347610       10.6202
  0.347773       10.6297
  0.347937       10.6392
  0.348100       10.6487
  0.348263       10.6583
  0.348427       10.6678
  0.348590       10.6774
  0.348753       10.6869
  0.348917       10.6965
  0.349080       10.7061
  0.349243       10.7156
  0.349407       10.7252
  0.349570       10.7348
  0.349733       10.7444
  0.349897       10.7541
  0.350060       10.7637
  0.350223       10.7733
  0.350387       10.7830
  0.350550       10.7926
  0.350713       10.8023
  0.350877       10.8119
  0.351040       10.8216
  0.351203       10.8313
  0.351367       10.8410
  0.351530       10.8507
  0.351693       10.8604
  0.351857       10.8701
  0.352020       10.8798
  0.352183       10.8895
  0.352347       10.8993
  0.352510       10.9090
  0.352673       10.9188
  0.352837       10.9285
  0.353000       10.9383
  0.353163       10.9481
  0.353327       10.9579
  0.353490       10.9677
  0.353653       10.9775
  0.353817       10.9873
  0.353980       10.9971
  0.354143       11.0069
  0.354307       11.0167
  0.354470       11.0266
  0.354633       11.0364
  0.354797       11.0463
  0.354960       11.0561
  0.355123       11.0660
  0.355287       11.0759
  0.355450       11.0858
  0.355613       11.0956
  0.355777       11.1055
  0.355940       11.1154
  0.356103       11.1254
  0.356267       11.1353
  0.356430       11.1452
  0.356593       11.1551
  0.356757       11.1651
  0.356920       11.1750
  0.357083       11.1850
  0.357247       11.1949
  0.357410       11.2049
  0.357573       11.2149
  0.357737       11.2249
  0.357900       11.2349
  0.358063       11.2448
  0.358227       11.2549
  0.358390       11.2649
  0.358553       11.2749
  0.358717       11.2849
  0.358880       11.2949
  0.359043       11.3050
  0.359207       11.3150
  0.359370       11.3251
  0.359533       11.3351
  0.359697       11.3452
  0.359860       11.3553
  0.360023       11.3654
  0.360187       11.3754
  0.360350       11.3855
  0.360513       11.3956
  0.360677       11.4057
  0.360840       11.4159
  0.361003       11.4260
  0.361167       11.4361
  0.361330       11.4462
  0.361493       11.4564
  0.361657       11.4665
  0.361820       11.4767
  0.361983       11.4868
  0.362147       11.4970
  0.362310       11.5072
  0.362473       11.5173
  0.362637       11.5275
  0.362800       11.5377
  0.362963       11.5479
  0.363127       11.5581
  0.363290       11.5683
  0.363453       11.5785
  0.363617       11.5888
  0.363780       11.5990
  0.363943       11.6092
  0.364107       11.6195
  0.364270       11.6297
  0.364433       11.6400
  0.364597       11.6502
  0.364760       11.6605
  0.364923       11.6708
  0.365087       11.6810
  0.365250       11.6913
  0.365413       11.7016
  0.365577       11.7119
  0.365740       11.7222
  0.365903       11.7325
  0.366067       11.7428
  0.366230       11.7531
  0.366393       11.7635
  0.366557       11.7738
  0.366720       11.7841
  0.366883       11.7945
  0.367047       11.8048
  0.367210       11.8152
  0.367373       11.8255
  0.367537       11.8359
  0.367700       11.8463
  0.367863       11.8566
  0.368027       11.8670
  0.368190       11.8774
  0.368353       11.8878
  0.368517       11.8982
  0.368680       11.9086
  0.368843       11.9190
  0.369007       11.9294
  0.369170       11.9398
  0.369333       11.9503
  0.369497       11.9607
  0.369660       11.9711
  0.369823       11.9816
  0.369987       11.9920
  0.370150       12.0025
  0.370313       12.0129
  0.370477       12.0234
  0.370640       12.0338
  0.370803       12.0443
  0.370967       12.0548
  0.371130       12.0653
  0.371293       12.0758
  0.371457       12.0863
  0.371620       12.0968
  0.371783       12.1073
  0.371947       12.1178
  0.372110       12.1283
  0.372273       12.1388
  0.372437       12.1493
  0.372600       12.1598
  0.372763       12.1704
  0.372927       12.1809
  0.373090       12.1915
  0.373253       12.2020
  0.373417       12.2126
  0.373580       12.2231
  0.373743       12.2337
  0.373907       12.2443
  0.374070       12.2548
  0.374233       12.2654
  0.374397       12.2760
  0.374560       12.2866
  0.374723       12.2972
  0.374887       12.3078
  0.375050       12.3184
  0.375213       12.3290
  0.375377       12.3396
  0.375540       12.3502
  0.375703       12.3608
  0.375867       12.3714
  0.376030       12.3820
  0.376193       12.3927
  0.376357       12.4033
  0.376520       12.4140
  0.376683       12.4246
  0.376847       12.4353
  0.377010       12.4459
  0.377173       12.4566
  0.377337       12.4672
  0.377500       12.4779
  0.377663       12.4886
  0.377827       12.4992
  0.377990       12.5099
  0.378153       12.5206
  0.378317       12.5313
  0.378480       12.5420
  0.378643       12.5527
  0.378807       12.5634
  0.378970       12.5741
  0.379133       12.5848
  0.379297       12.5955
  0.379460       12.6062
  0.379623       12.6170
  0.379787       12.6277
  0.379950       12.6384
  0.380113       12.6491
  0.380277       12.6599
  0.380440       12.6706
  0.380603       12.6814
  0.380767       12.6921
  0.380930       12.7029
  0.381093       12.7136
  0.381257       12.7244
  0.381420       12.7351
  0.381583       12.7459
  0.381747       12.7567
  0.381910       12.7675
  0.382073       12.7782
  0.382237       12.7890
  0.382400       12.7998
  0.382563       12.8106
  0.382727       12.8214
  0.382890       12.8322
  0.383053       12.8430
  0.383217       12.8538
  0.383380       12.8646
  0.383543       12.8754
  0.383707       12.8862
  0.383870       12.8971
  0.384033       12.9079
  0.384197       12.9187
  0.384360       12.9295
  0.384523       12.9404
  0.384687       12.9512
  0.384850       12.9620
  0.385013       12.9729
  0.385177       12.9837
  0.385340       12.9946
  0.385503       13.0054
  0.385667       13.0163
  0.385830       13.0272
  0.385993       13.0380
  0.386157       13.0489
  0.386320       13.0598
  0.386483       13.0706
  0.386647       13.0815
  0.386810       13.0924
  0.386973       13.1033
  0.387137       13.1141
  0.387300       13.1250
  0.387463       13.1359
  0.387627       13.1468
  0.387790       13.1577
  0.387953       13.1686
  0.388117       13.1795
  0.388280       13.1904
  0.388443       13.2013
  0.388607       13.2123
  0.388770       13.2232
  0.388933       13.2341
  0.389097       13.2450
  0.389260       13.2559
  0.389423       13.2669
  0.389587       13.2778
  0.389750       13.2887
  0.389913       13.2997
  0.390077       13.3106
  0.390240       13.3215
  0.390403       13.3325
  0.390567       13.3434
  0.390730       13.3544
  0.390893       13.3653
  0.391057       13.3763
  0.391220       13.3872
  0.391383       13.3982
  0.391547       13.4092
  0.391710       13.4201
  0.391873       13.4311
  0.392037       13.4421
  0.392200       13.4530
  0.392363       13.4640
  0.392527       13.4750
  0.392690       13.4860
  0.392853       13.4969
  0.393017       13.5079
  0.393180       13.5189
  0.393343       13.5299
  0.393507       13.5409
  0.393670       13.5519
  0.393833       13.5629
  0.393997       13.5739
  0.394160       13.5849
  0.394323       13.5959
  0.394487       13.6069
  0.394650       13.6179
  0.394813       13.6289
  0.394977       13.6399
  0.395140       13.6509
  0.395303       13.6620
  0.395467       13.6730
  0.395630       13.6840
  0.395793       13.6950
  0.395957       13.7061
  0.396120       13.7171
  0.396283       13.7281
  0.396447       13.7391
  0.396610       13.7502
  0.396773       13.7612
  0.396937       13.7722
  0.397100       13.7833
  0.397263       13.7943
  0.397427       13.8054
  0.397590       13.8164
  0.397753       13.8275
  0.397917       13.8385
  0.398080       13.8496
  0.398243       13.8606
  0.398407       13.8717
  0.398570       13.8827
  0.398733       13.8938
  0.398897       13.9048
  0.399060       13.9159
  0.399223       13.9270
  0.399387       13.9380
  0.399550       13.9491
  0.399713       13.9602
  0.399877       13.9712
  0.400040       13.9823
  0.400203       13.9934
  0.400367       14.0045
  0.400530       14.0155
  0.400693       14.0266
  0.400857       14.0377
  0.401020       14.0488
  0.401183       14.0599
  0.401347       14.0710
  0.401510       14.0820
  0.401673       14.0931
  0.401837       14.1042
  0.402000       14.1153
  0.402163       14.1264
  0.402327       14.1375
  0.402490       14.1486
  0.402653       14.1597
  0.402817       14.1708
  0.402980       14.1819
  0.403143       14.1930
  0.403307       14.2041
  0.403470       14.2152
  0.403633       14.2263
  0.403797       14.2374
  0.403960       14.2485
  0.404123       14.2596
  0.404287       14.2707
  0.404450       14.2818
  0.404613       14.2929
  0.404777       14.3041
  0.404940       14.3152
  0.405103       14.3263
  0.405267       14.3374
  0.405430       14.3485
  0.405593       14.3596
  0.405757       14.3708
  0.405920       14.3819
  0.406083       14.3930
  0.406247       14.4041
  0.406410       14.4153
  0.406573       14.4264
  0.406737       14.4375
  0.406900       14.4486
  0.407063       14.4598
  0.407227       14.4709
  0.407390       14.4820
  0.407553       14.4932
  0.407717       14.5043
  0.407880       14.5154
  0.408043       14.5266
  0.408207       14.5377
  0.408370       14.5488
  0.408533       14.5600
  0.408697       14.5711
  0.408860       14.5822
  0.409023       14.5934
  0.409187       14.6045
  0.409350       14.6156
  0.409513       14.6268
  0.409677       14.6379
  0.409840       14.6491
  0.410003       14.6602
  0.410167       14.6714
  0.410330       14.6825
  0.410493       14.6936
  0.410657       14.7048
  0.410820       14.7159
  0.410983       14.7271
  0.411147       14.7382
  0.411310       14.7494
  0.411473       14.7605
  0.411637       14.7717
  0.411800       14.7828
  0.411963       14.7940
  0.412127       14.8051
  0.412290       14.8163
  0.412453       14.8274
  0.412617       14.8386
  0.412780       14.8497
  0.412943       14.8609
  0.413107       14.8720
  0.413270       14.8832
  0.413433       14.8943
  0.413597       14.9055
  0.413760       14.9166
  0.413923       14.9278
  0.414087       14.9390
  0.414250       14.9501
  0.414413       14.9613
  0.414577       14.9724
  0.414740       14.9836
  0.414903       14.9947
  0.415067       15.0059
  0.415230       15.0170
  0.415393       15.0282
  0.415557       15.0394
  0.415720       15.0505
  0.415883       15.0617
  0.416047       15.0728
  0.416210       15.0840
  0.416373       15.0951
  0.416537       15.1063
  0.416700       15.1175
  0.416863       15.1286
  0.417027       15.1398
  0.417190       15.1509
  0.417353       15.1621
  0.417517       15.1732
  0.417680       15.1844
  0.417843       15.1956
  0.418007       15.2067
  0.418170       15.2179
  0.418333       15.2290
  0.418497       15.2402
  0.418660       15.2513
  0.418823       15.2625
  0.418987       15.2737
  0.419150       15.2848
  0.419313       15.2960
  0.419477       15.3071
  0.419640       15.3183
  0.419803       15.3294
  0.419967       15.3406
  0.420130       15.3518
  0.420293       15.3629
  0.420457       15.3741
  0.420620       15.3852
  0.420783       15.3964
  0.420947       15.4075
  0.421110       15.4187
  0.421273       15.4298
  0.421437       15.4410
  0.421600       15.4521
  0.421763       15.4633
  0.421927       15.4744
  0.422090       15.4856
  0.422253       15.4968
  0.422417       15.5079
  0.422580       15.5191
  0.422743       15.5302
  0.422907       15.5414
  0.423070       15.5525
  0.423233       15.5637
  0.423397       15.5748
  0.423560       15.5860
  0.423723       15.5971
  0.423887       15.6082
  0.424050       15.6194
  0.424213       15.6305
  0.424377       15.6417
  0.424540       15.6528
  0.424703       15.6640
  0.424867       15.6751
  0.425030       15.6863
  0.425193       15.6974
  0.425357       15.7085
  0.425520       15.7197
  0.425683       15.7308
  0.425847       15.7420
  0.426010       15.7531
  0.426173       15.7642
  0.426337       15.7754
  0.426500       15.7865
  0.426663       15.7977
  0.426827       15.8088
  0.426990       15.8199
  0.427153       15.8311
  0.427317       15.8422
  0.427480       15.8533
  0.427643       15.8645
  0.427807       15.8756
  0.427970       15.8867
  0.428133       15.8978
  0.428297       15.9090
  0.428460       15.9201
  0.428623       15.9312
  0.428787       15.9423
  0.428950       15.9535
  0.429113       15.9646
  0.429277       15.9757
  0.429440       15.9868
  0.429603       15.9980
  0.429767       16.0091
  0.429930       16.0202
  0.430093       16.0313
  0.430257       16.0424
  0.430420       16.0536
  0.430583       16.0647
  0.430747       16.0758
  0.430910       16.0869
  0.431073       16.0980
  0.431237       16.1091
  0.431400       16.1202
  0.431563       16.1313
  0.431727       16.1424
  0.431890       16.1535
  0.432053       16.1647
  0.432217       16.1758
  0.432380       16.1869
  0.432543       16.1980
  0.432707       16.2091
  0.432870       16.2202
  0.433033       16.2313
  0.433197       16.2424
  0.433360       16.2535
  0.433523       16.2645
  0.433687       16.2756
  0.433850       16.2867
  0.434013       16.2978
  0.434177       16.3089
  0.434340       16.3200
  0.434503       16.3311
  0.434667       16.3422
  0.434830       16.3533
  0.434993       16.3643
  0.435157       16.3754
  0.435320       16.3865
  0.435483       16.3976
  0.435647       16.4087
  0.435810       16.4197
  0.435973       16.4308
  0.436137       16.4419
  0.436300       16.4529
  0.436463       16.4640
  0.436627       16.4751
  0.436790       16.4862
  0.436953       16.4972
  0.437117       16.5083
  0.437280       16.5193
  0.437443       16.5304
  0.437607       16.5415
  0.437770       16.5525
  0.437933       16.5636
  0.438097       16.5746
  0.438260       16.5857
  0.438423       16.5967
  0.438587       16.6078
  0.438750       16.6188
  0.438913       16.6299
  0.439077       16.6409
  0.439240       16.6520
  0.439403       16.6630
  0.439567       16.6741
  0.439730       16.6851
  0.439893       16.6961
  0.440057       16.7072
  0.440220       16.7182
  0.440383       16.7292
  0.440547       16.7403
  0.440710       16.7513
  0.440873       16.7623
  0.441037       16.7734
  0.441200       16.7844
  0.441363       16.7954
  0.441527       16.8064
  0.441690       16.8175
  0.441853       16.8285
  0.442017       16.8395
  0.442180       16.8505
  0.442343       16.8615
  0.442507       16.8725
  0.442670       16.8835
  0.442833       16.8945
  0.442997       16.9055
  0.443160       16.9165
  0.443323       16.9275
  0.443487       16.9385
  0.443650       16.9495
  0.443813       16.9605
  0.443977       16.9715
  0.444140       16.9825
  0.444303       16.9935
  0.444467       17.0045
  0.444630       17.0155
  0.444793       17.0265
  0.444957       17.0374
  0.445120       17.0484
  0.445283       17.0594
  0.445447       17.0704
  0.445610       17.0814
  0.445773       17.0923
  0.445937       17.1033
  0.446100       17.1143
  0.446263       17.1252
  0.446427       17.1362
  0.446590       17.1472
  0.446753       17.1581
  0.446917       17.1691
  0.447080       17.1800
  0.447243       17.1910
  0.447407       17.2019
  0.447570       17.2129
  0.447733       17.2238
  0.447897       17.2348
  0.448060       17.2457
  0.448223       17.2567
  0.448387       17.2676
  0.448550       17.2785
  0.448713       17.2895
  0.448877       17.3004
  0.449040       17.3113
  0.449203       17.3223
  0.449367       17.3332
  0.449530       17.3441
  0.449693       17.3550
  0.449857       17.3659
  0.450020       17.3769
  0.450183       17.3878
  0.450347       17.3987
  0.450510       17.4096
  0.450673       17.4205
  0.450837       17.4314
  0.451000       17.4423
  0.451163       17.4532
  0.451327       17.4641
  0.451490       17.4750
  0.451653       17.4859
  0.451817       17.4968
  0.451980       17.5077
  0.452143       17.5186
  0.452307       17.5295
  0.452470       17.5403
  0.452633       17.5512
  0.452797       17.5621
  0.452960       17.5730
  0.453123       17.5838
  0.453287       17.5947
  0.453450       17.6056
  0.453613       17.6164
  0.453777       17.6273
  0.453940       17.6382
  0.454103       17.6490
  0.454267       17.6599
  0.454430       17.6707
  0.454593       17.6816
  0.454757       17.6924
  0.454920       17.7033
  0.455083       17.7141
  0.455247       17.7250
  0.455410       17.7358
  0.455573       17.7466
  0.455737       17.7575
  0.455900       17.7683
  0.456063       17.7791
  0.456227       17.7900
  0.456390       17.8008
  0.456553       17.8116
  0.456717       17.8224
  0.456880       17.8332
  0.457043       17.8440
  0.457207       17.8549
  0.457370       17.8657
  0.457533       17.8765
  0.457697       17.8873
  0.457860       17.8981
  0.458023       17.9089
  0.458187       17.9197
  0.458350       17.9305
  0.458513       17.9412
  0.458677       17.9520
  0.458840       17.9628
  0.459003       17.9736
  0.459167       17.9844
  0.459330       17.9951
  0.459493       18.0059
  0.459657       18.0167
  0.459820       18.0275
  0.459983       18.0382
  0.460147       18.0490
  0.460310       18.0597
  0.460473       18.0705
  0.460637       18.0813
  0.460800       18.0920
  0.460963       18.1028
  0.461127       18.1135
  0.461290       18.1242
  0.461453       18.1350
  0.461617       18.1457
  0.461780       18.1565
  0.461943       18.1672
  0.462107       18.1779
  0.462270       18.1886
  0.462433       18.1994
  0.462597       18.2101
  0.462760       18.2208
  0.462923       18.2315
  0.463087       18.2422
  0.463250       18.2529
  0.463413       18.2636
  0.463577       18.2744
  0.463740       18.2851
  0.463903       18.2957
  0.464067       18.3064
  0.464230       18.3171
  0.464393       18.3278
  0.464557       18.3385
  0.464720       18.3492
  0.464883       18.3599
  0.465047       18.3706
  0.465210       18.3812
  0.465373       18.3919
  0.465537       18.4026
  0.465700       18.4132
  0.465863       18.4239
  0.466027       18.4346
  0.466190       18.4452
  0.466353       18.4559
  0.466517       18.4665
  0.466680       18.4772
  0.466843       18.4878
  0.467007       18.4984
  0.467170       18.5091
  0.467333       18.5197
  0.467497       18.5304
  0.467660       18.5410
  0.467823       18.5516
  0.467987       18.5622
  0.468150       18.5729
  0.468313       18.5835
  0.468477       18.5941
  0.468640       18.6047
  0.468803       18.6153
  0.468967       18.6259
  0.469130       18.6365
  0.469293       18.6471
  0.469457       18.6577
  0.469620       18.6683
  0.469783       18.6789
  0.469947       18.6895
  0.470110       18.7001
  0.470273       18.7106
  0.470437       18.7212
  0.470600       18.7318
  0.470763       18.7424
  0.470927       18.7529
  0.471090       18.7635
  0.471253       18.7741
  0.471417       18.7846
  0.471580       18.7952
  0.471743       18.8057
  0.471907       18.8163
  0.472070       18.8268
  0.472233       18.8374
  0.472397       18.8479
  0.472560       18.8584
  0.472723       18.8690
  0.472887       18.8795
  0.473050       18.8900
  0.473213       18.9005
  0.473377       18.9111
  0.473540       18.9216
  0.473703       18.9321
  0.473867       18.9426
  0.474030       18.9531
  0.474193       18.9636
  0.474357       18.9741
  0.474520       18.9846
  0.474683       18.9951
  0.474847       19.0056
  0.475010       19.0161
  0.475173       19.0266
  0.475337       19.0370
  0.475500       19.0475
  0.475663       19.0580
  0.475827       19.0685
  0.475990       19.0789
  0.476153       19.0894
  0.476317       19.0999
  0.476480       19.1103
  0.476643       19.1208
  0.476807       19.1312
  0.476970       19.1417
  0.477133       19.1521
  0.477297       19.1625
  0.477460       19.1730
  0.477623       19.1834
  0.477787       19.1938
  0.477950       19.2043
  0.478113       19.2147
  0.478277       19.2251
  0.478440       19.2355
  0.478603       19.2459
  0.478767       19.2564
  0.478930       19.2668
  0.479093       19.2772
  0.479257       19.2876
  0.479420       19.2980
  0.479583       19.3083
  0.479747       19.3187
  0.479910       19.3291
  0.480073       19.3395
  0.480237       19.3499
  0.480400       19.3603
  0.480563       19.3706
  0.480727       19.3810
  0.480890       19.3914
  0.481053       19.4017
  0.481217       19.4121
  0.481380       19.4224
  0.481543       19.4328
  0.481707       19.4431
  0.481870       19.4535
  0.482033       19.4638
  0.482197       19.4742
  0.482360       19.4845
  0.482523       19.4948
  0.482687       19.5051
  0.482850       19.5155
  0.483013       19.5258
  0.483177       19.5361
  0.483340       19.5464
  0.483503       19.5567
  0.483667       19.5670
  0.483830       19.5773
  0.483993       19.5876
  0.484157       19.5979
  0.484320       19.6082
  0.484483       19.6185
  0.484647       19.6288
  0.484810       19.6391
  0.484973       19.6493
  0.485137       19.6596
  0.485300       19.6699
  0.485463       19.6802
  0.485627       19.6904
  0.485790       19.7007
  0.485953       19.7109
  0.486117       19.7212
  0.486280       19.7314
  0.486443       19.7417
  0.486607       19.7519
  0.486770       19.7621
  0.486933       19.7724
  0.487097       19.7826
  0.487260       19.7928
  0.487423       19.8031
  0.487587       19.8133
  0.487750       19.8235
  0.487913       19.8337
  0.488077       19.8439
  0.488240       19.8541
  0.488403       19.8643
  0.488567       19.8745
  0.488730       19.8847
  0.488893       19.8949
  0.489057       19.9051
  0.489220       19.9153
  0.489383       19.9254
  0.489547       19.9356
  0.489710       19.9458
  0.489873       19.9559
  0.490037       19.9661
  0.490200       19.9763
  0.490363       19.9864
  0.490527       19.9966
  0.490690       20.0067
  0.490853       20.0169
  0.491017       20.0270
  0.491180       20.0371
  0.491343       20.0473
  0.491507       20.0574
  0.491670       20.0675
  0.491833       20.0777
  0.491997       20.0878
  0.492160       20.0979
  0.492323       20.1080
  0.492487       20.1181
  0.492650       20.1282
  0.492813       20.1383
  0.492977       20.1484
  0.493140       20.1585
  0.493303       20.1686
  0.493467       20.1787
  0.493630       20.1888
  0.493793       20.1988
  0.493957       20.2089
  0.494120       20.2190
  0.494283       20.2290
  0.494447       20.2391
  0.494610       20.2492
  0.494773       20.2592
  0.494937       20.2693
  0.495100       20.2793
  0.495263       20.2894
  0.495427       20.2994
  0.495590       20.3094
  0.495753       20.3195
  0.495917       20.3295
  0.496080       20.3395
  0.496243       20.3495
  0.496407       20.3595
  0.496570       20.3696
  0.496733       20.3796
  0.496897       20.3896
  0.497060       20.3996
  0.497223       20.4096
  0.497387       20.4196
  0.497550       20.4295
  0.497713       20.4395
  0.497877       20.4495
  0.498040       20.4595
  0.498203       20.4695
  0.498367       20.4794
  0.498530       20.4894
  0.498693       20.4994
  0.498857       20.5093
  0.499020       20.5193
  0.499183       20.5292
  0.499347       20.5392
  0.499510       20.5491
  0.499673       20.5590
  0.499837       20.5690
  0.500000       20.5789
