# Q_y tabla NEST para RED-100
# Xe NR, rho=2.9 g/cm3, E=218 V/cm
# T_nr[keV]   Qy[e-/keV]
# N_puntos = 2000
0.050000   0.000000
0.052476   0.000000
0.054952   0.000000
0.057429   0.000000
0.059905   0.000000
0.062381   0.000000
0.064857   0.000000
0.067334   0.000000
0.069810   0.000000
0.072286   0.000000
0.074762   0.000000
0.077239   0.000000
0.079715   0.000000
0.082191   0.000000
0.084667   0.000000
0.087144   0.000000
0.089620   0.000000
0.092096   0.000000
0.094572   0.000000
0.097049   0.000000
0.099525   0.000000
0.102001   0.000000
0.104477   0.000000
0.106953   0.000000
0.109430   0.000000
0.111906   0.000000
0.114382   0.000000
0.116858   0.000000
0.119335   0.000000
0.121811   0.000000
0.124287   0.000000
0.126763   0.000000
0.129240   0.000000
0.131716   0.000000
0.134192   0.000000
0.136668   0.000000
0.139145   0.000000
0.141621   0.000000
0.144097   0.000000
0.146573   0.000000
0.149050   0.000000
0.151526   0.000000
0.154002   0.000000
0.156478   0.000000
0.158954   0.000000
0.161431   0.000000
0.163907   0.000000
0.166383   0.000000
0.168859   0.000000
0.171336   0.000000
0.173812   0.000000
0.176288   0.000000
0.178764   0.000000
0.181241   0.000000
0.183717   0.000000
0.186193   0.000000
0.188669   0.000000
0.191146   0.000000
0.193622   0.000000
0.196098   0.000000
0.198574   0.000000
0.201051   0.000000
0.203527   0.000000
0.206003   0.000000
0.208479   0.000000
0.210955   0.000000
0.213432   0.000000
0.215908   0.000000
0.218384   0.000000
0.220860   0.000000
0.223337   0.000000
0.225813   0.000000
0.228289   0.000000
0.230765   0.000000
0.233242   0.000000
0.235718   0.000000
0.238194   0.000000
0.240670   0.000000
0.243147   0.000000
0.245623   0.000000
0.248099   0.000000
0.250575   0.000000
0.253052   0.000000
0.255528   0.000000
0.258004   0.000000
0.260480   0.000000
0.262956   0.000000
0.265433   0.000000
0.267909   0.000000
0.270385   0.000000
0.272861   0.000000
0.275338   0.000000
0.277814   0.000000
0.280290   0.000000
0.282766   0.000000
0.285243   0.000000
0.287719   0.000000
0.290195   0.000000
0.292671   0.000000
0.295148   0.000000
0.297624   0.000000
0.300100   0.000000
0.302576   0.000000
0.305053   0.000000
0.307529   0.000000
0.310005   0.000000
0.312481   0.000000
0.314957   0.000000
0.317434   0.000000
0.319910   0.000000
0.322386   0.000000
0.324862   0.000000
0.327339   0.000000
0.329815   0.000000
0.332291   0.000000
0.334767   0.000000
0.337244   0.000000
0.339720   0.000000
0.342196   0.000000
0.344672   0.000000
0.347149   0.000000
0.349625   0.000000
0.352101   0.000000
0.354577   0.000000
0.357054   0.000000
0.359530   0.000000
0.362006   0.000000
0.364482   0.000000
0.366958   0.000000
0.369435   0.000000
0.371911   0.000000
0.374387   0.000000
0.376863   0.000000
0.379340   0.000000
0.381816   0.000000
0.384292   0.000000
0.386768   0.000000
0.389245   0.000000
0.391721   0.000000
0.394197   0.000000
0.396673   0.000000
0.399150   0.000000
0.401626   0.000000
0.404102   0.000000
0.406578   0.000000
0.409055   0.000000
0.411531   0.000000
0.414007   0.000000
0.416483   0.000000
0.418959   0.000000
0.421436   0.000000
0.423912   0.000000
0.426388   0.000000
0.428864   0.000000
0.431341   0.000000
0.433817   0.000000
0.436293   0.000000
0.438769   0.000000
0.441246   0.000000
0.443722   0.000000
0.446198   0.000000
0.448674   0.000000
0.451151   0.000000
0.453627   0.000000
0.456103   0.000000
0.458579   0.000000
0.461056   0.000000
0.463532   0.000000
0.466008   0.000000
0.468484   0.000000
0.470960   0.000000
0.473437   0.000000
0.475913   0.000000
0.478389   0.000000
0.480865   0.000000
0.483342   0.000000
0.485818   0.000000
0.488294   0.000000
0.490770   0.000000
0.493247   0.000000
0.495723   0.000000
0.498199   0.000000
0.500675   0.000000
0.503152   0.000000
0.505628   0.000000
0.508104   0.000000
0.510580   0.000000
0.513057   0.000000
0.515533   0.000000
0.518009   0.000000
0.520485   0.000000
0.522961   0.000000
0.525438   0.000000
0.527914   0.000000
0.530390   0.000000
0.532866   0.000000
0.535343   0.000000
0.537819   0.000000
0.540295   0.000000
0.542771   0.000000
0.545248   0.000000
0.547724   0.000000
0.550200   0.000000
0.552676   0.000000
0.555153   0.000000
0.557629   0.000000
0.560105   0.000000
0.562581   0.000000
0.565058   0.000000
0.567534   0.000000
0.570010   0.000000
0.572486   0.000000
0.574962   0.000000
0.577439   0.000000
0.579915   0.000000
0.582391   0.000000
0.584867   0.000000
0.587344   0.000000
0.589820   0.000000
0.592296   0.000000
0.594772   0.000000
0.597249   0.000000
0.599725   0.000000
0.602201   0.000000
0.604677   0.000000
0.607154   0.000000
0.609630   0.000000
0.612106   0.000000
0.614582   0.000000
0.617059   0.000000
0.619535   0.000000
0.622011   0.000000
0.624487   0.000000
0.626963   0.000000
0.629440   0.000000
0.631916   0.000000
0.634392   0.000000
0.636868   0.000000
0.639345   0.000000
0.641821   0.000000
0.644297   0.000000
0.646773   0.000000
0.649250   0.000000
0.651726   0.000000
0.654202   0.000000
0.656678   0.000000
0.659155   0.000000
0.661631   0.000000
0.664107   0.000000
0.666583   0.000000
0.669060   0.000000
0.671536   0.000000
0.674012   0.000000
0.676488   0.000000
0.678964   0.000000
0.681441   0.000000
0.683917   0.000000
0.686393   0.000000
0.688869   0.000000
0.691346   0.000000
0.693822   0.000000
0.696298   0.000000
0.698774   0.000000
0.701251   0.000000
0.703727   0.000000
0.706203   0.000000
0.708679   0.000000
0.711156   0.000000
0.713632   0.000000
0.716108   0.000000
0.718584   0.000000
0.721061   0.000000
0.723537   0.000000
0.726013   0.000000
0.728489   0.000000
0.730965   0.000000
0.733442   0.000000
0.735918   0.000000
0.738394   0.000000
0.740870   0.000000
0.743347   0.000000
0.745823   0.000000
0.748299   0.000000
0.750775   0.000000
0.753252   0.000000
0.755728   0.000000
0.758204   0.000000
0.760680   0.000000
0.763157   0.000000
0.765633   0.000000
0.768109   0.000000
0.770585   0.000000
0.773062   0.000000
0.775538   0.000000
0.778014   0.000000
0.780490   0.000000
0.782966   0.000000
0.785443   0.000000
0.787919   0.000000
0.790395   0.000000
0.792871   0.000000
0.795348   0.000000
0.797824   0.000000
0.800300   0.000000
0.802776   0.000000
0.805253   0.000000
0.807729   0.000000
0.810205   0.000000
0.812681   0.000000
0.815158   0.000000
0.817634   0.000000
0.820110   0.000000
0.822586   0.000000
0.825063   0.000000
0.827539   0.000000
0.830015   0.000000
0.832491   0.000000
0.834967   0.000000
0.837444   0.000000
0.839920   0.000000
0.842396   0.000000
0.844872   0.000000
0.847349   0.000000
0.849825   0.000000
0.852301   0.000000
0.854777   0.000000
0.857254   0.000000
0.859730   0.000000
0.862206   0.000000
0.864682   0.000000
0.867159   0.000000
0.869635   0.000000
0.872111   0.000000
0.874587   0.000000
0.877064   0.000000
0.879540   0.000000
0.882016   0.000000
0.884492   0.000000
0.886968   0.000000
0.889445   0.000000
0.891921   0.000000
0.894397   0.000000
0.896873   0.000000
0.899350   0.000000
0.901826   0.000000
0.904302   0.000000
0.906778   0.000000
0.909255   0.000000
0.911731   0.000000
0.914207   0.000000
0.916683   0.000000
0.919160   0.000000
0.921636   0.000000
0.924112   0.000000
0.926588   0.000000
0.929065   0.000000
0.931541   0.000000
0.934017   0.000000
0.936493   0.000000
0.938969   0.000000
0.941446   0.000000
0.943922   0.000000
0.946398   0.000000
0.948874   0.000000
0.951351   0.000000
0.953827   0.000000
0.956303   0.000000
0.958779   0.000000
0.961256   0.000000
0.963732   0.000000
0.966208   0.000000
0.968684   0.000000
0.971161   0.000000
0.973637   0.000000
0.976113   0.000000
0.978589   0.000000
0.981066   0.000000
0.983542   0.000000
0.986018   0.000000
0.988494   0.000000
0.990970   0.000000
0.993447   0.000000
0.995923   0.000000
0.998399   0.000000
1.000875   0.000000
1.003352   0.000000
1.005828   0.000000
1.008304   0.000000
1.010780   0.000000
1.013257   0.000000
1.015733   0.000000
1.018209   0.000000
1.020685   0.000000
1.023162   0.000000
1.025638   0.000000
1.028114   0.000000
1.030590   0.000000
1.033067   0.000000
1.035543   0.000000
1.038019   0.000000
1.040495   0.000000
1.042971   0.000000
1.045448   0.000000
1.047924   0.000000
1.050400   0.000000
1.052876   0.000000
1.055353   0.000000
1.057829   0.000000
1.060305   0.000000
1.062781   0.000000
1.065258   0.000000
1.067734   0.000000
1.070210   0.000000
1.072686   0.000000
1.075163   0.000000
1.077639   0.000000
1.080115   0.000000
1.082591   0.000000
1.085068   0.000000
1.087544   0.000000
1.090020   0.000000
1.092496   0.000000
1.094972   0.000000
1.097449   0.000000
1.099925   0.000000
1.102401   0.000000
1.104877   0.000000
1.107354   0.000000
1.109830   0.000000
1.112306   0.000000
1.114782   0.000000
1.117259   0.000000
1.119735   0.000000
1.122211   0.000000
1.124687   0.000000
1.127164   0.000000
1.129640   0.000000
1.132116   0.000000
1.134592   0.000000
1.137069   0.000000
1.139545   0.000000
1.142021   0.000000
1.144497   0.000000
1.146973   0.000000
1.149450   0.000000
1.151926   0.000000
1.154402   0.000000
1.156878   0.000000
1.159355   0.000000
1.161831   0.000000
1.164307   0.000000
1.166783   0.000000
1.169260   0.000000
1.171736   0.000000
1.174212   0.000000
1.176688   0.000000
1.179165   0.000000
1.181641   0.000000
1.184117   0.000000
1.186593   0.000000
1.189070   0.000000
1.191546   0.000000
1.194022   0.000000
1.196498   0.000000
1.198974   0.000000
1.201451   0.000000
1.203927   0.000000
1.206403   0.000000
1.208879   0.000000
1.211356   0.000000
1.213832   0.000000
1.216308   0.000000
1.218784   0.000000
1.221261   0.000000
1.223737   0.000000
1.226213   0.000000
1.228689   0.000000
1.231166   0.000000
1.233642   0.000000
1.236118   0.000000
1.238594   0.000000
1.241071   0.000000
1.243547   0.000000
1.246023   0.000000
1.248499   0.000000
1.250975   0.000000
1.253452   0.000000
1.255928   0.000000
1.258404   0.000000
1.260880   0.000000
1.263357   0.000000
1.265833   0.000000
1.268309   0.000000
1.270785   0.000000
1.273262   0.000000
1.275738   0.000000
1.278214   0.000000
1.280690   0.000000
1.283167   0.000000
1.285643   0.000000
1.288119   0.000000
1.290595   0.000000
1.293072   0.000000
1.295548   0.000000
1.298024   0.000000
1.300500   0.000000
1.302976   0.000000
1.305453   0.000000
1.307929   0.000000
1.310405   0.000000
1.312881   0.000000
1.315358   0.000000
1.317834   0.000000
1.320310   0.000000
1.322786   0.000000
1.325263   0.000000
1.327739   0.000000
1.330215   0.000000
1.332691   0.000000
1.335168   0.000000
1.337644   0.000000
1.340120   0.000000
1.342596   0.000000
1.345073   0.000000
1.347549   0.000000
1.350025   0.000000
1.352501   0.000000
1.354977   0.000000
1.357454   0.000000
1.359930   0.000000
1.362406   0.000000
1.364882   0.000000
1.367359   0.000000
1.369835   0.000000
1.372311   0.000000
1.374787   0.000000
1.377264   0.000000
1.379740   0.000000
1.382216   0.000000
1.384692   0.000000
1.387169   0.000000
1.389645   0.000000
1.392121   0.000000
1.394597   0.000000
1.397074   0.000000
1.399550   0.000000
1.402026   0.000000
1.404502   0.000000
1.406978   0.000000
1.409455   0.000000
1.411931   0.000000
1.414407   0.000000
1.416883   0.000000
1.419360   0.000000
1.421836   0.000000
1.424312   0.000000
1.426788   0.000000
1.429265   0.000000
1.431741   0.000000
1.434217   0.000000
1.436693   0.000000
1.439170   0.000000
1.441646   0.000000
1.444122   0.000000
1.446598   0.000000
1.449075   0.000000
1.451551   0.000000
1.454027   0.000000
1.456503   0.000000
1.458979   0.000000
1.461456   0.000000
1.463932   0.000000
1.466408   0.000000
1.468884   0.000000
1.471361   0.000000
1.473837   0.000000
1.476313   0.000000
1.478789   0.000000
1.481266   0.000000
1.483742   0.000000
1.486218   0.000000
1.488694   0.000000
1.491171   0.000000
1.493647   0.000000
1.496123   0.000000
1.498599   0.000000
1.501076   0.000000
1.503552   0.000000
1.506028   0.000000
1.508504   0.000000
1.510980   0.000000
1.513457   0.000000
1.515933   0.000000
1.518409   0.000000
1.520885   0.000000
1.523362   0.000000
1.525838   0.000000
1.528314   0.000000
1.530790   0.000000
1.533267   0.000000
1.535743   0.000000
1.538219   0.000000
1.540695   0.000000
1.543172   0.000000
1.545648   0.000000
1.548124   0.000000
1.550600   0.000000
1.553077   0.000000
1.555553   0.000000
1.558029   0.000000
1.560505   0.000000
1.562981   0.000000
1.565458   0.000000
1.567934   0.000000
1.570410   0.000000
1.572886   0.000000
1.575363   0.000000
1.577839   0.000000
1.580315   0.000000
1.582791   0.000000
1.585268   0.000000
1.587744   0.000000
1.590220   0.000000
1.592696   0.000000
1.595173   0.000000
1.597649   0.000000
1.600125   0.000000
1.602601   0.000000
1.605078   0.000000
1.607554   0.000000
1.610030   0.000000
1.612506   0.000000
1.614982   0.000000
1.617459   0.000000
1.619935   0.000000
1.622411   0.000000
1.624887   0.000000
1.627364   0.000000
1.629840   0.000000
1.632316   0.000000
1.634792   0.000000
1.637269   0.000000
1.639745   0.000000
1.642221   0.000000
1.644697   0.000000
1.647174   0.000000
1.649650   0.000000
1.652126   0.000000
1.654602   0.000000
1.657079   0.000000
1.659555   0.000000
1.662031   0.000000
1.664507   0.000000
1.666983   0.000000
1.669460   0.000000
1.671936   0.000000
1.674412   0.000000
1.676888   0.000000
1.679365   0.000000
1.681841   0.000000
1.684317   0.000000
1.686793   0.000000
1.689270   0.000000
1.691746   0.000000
1.694222   0.000000
1.696698   0.000000
1.699175   0.000000
1.701651   0.000000
1.704127   0.000000
1.706603   0.000000
1.709080   0.000000
1.711556   0.000000
1.714032   0.000000
1.716508   0.000000
1.718984   0.000000
1.721461   0.000000
1.723937   0.000000
1.726413   0.000000
1.728889   0.000000
1.731366   0.000000
1.733842   0.000000
1.736318   0.000000
1.738794   0.000000
1.741271   0.000000
1.743747   0.000000
1.746223   0.000000
1.748699   0.000000
1.751176   0.000000
1.753652   0.000000
1.756128   0.000000
1.758604   0.000000
1.761081   0.000000
1.763557   0.000000
1.766033   0.000000
1.768509   0.000000
1.770985   0.000000
1.773462   0.000000
1.775938   0.000000
1.778414   0.000000
1.780890   0.000000
1.783367   0.000000
1.785843   0.000000
1.788319   0.000000
1.790795   0.000000
1.793272   0.000000
1.795748   0.000000
1.798224   0.000000
1.800700   0.000000
1.803177   0.000000
1.805653   0.000000
1.808129   0.000000
1.810605   0.000000
1.813082   0.000000
1.815558   0.000000
1.818034   0.000000
1.820510   0.000000
1.822986   0.000000
1.825463   0.000000
1.827939   0.000000
1.830415   0.000000
1.832891   0.000000
1.835368   0.000000
1.837844   0.000000
1.840320   0.000000
1.842796   0.000000
1.845273   0.000000
1.847749   0.000000
1.850225   0.000000
1.852701   0.000000
1.855178   0.000000
1.857654   0.000000
1.860130   0.000000
1.862606   0.000000
1.865083   0.000000
1.867559   0.000000
1.870035   0.000000
1.872511   0.000000
1.874987   0.000000
1.877464   0.000000
1.879940   0.000000
1.882416   0.000000
1.884892   0.000000
1.887369   0.000000
1.889845   0.000000
1.892321   0.000000
1.894797   0.000000
1.897274   0.000000
1.899750   0.000000
1.902226   0.000000
1.904702   0.000000
1.907179   0.000000
1.909655   0.000000
1.912131   0.000000
1.914607   0.000000
1.917084   0.000000
1.919560   0.000000
1.922036   0.000000
1.924512   0.000000
1.926988   0.000000
1.929465   0.000000
1.931941   0.000000
1.934417   0.000000
1.936893   0.000000
1.939370   0.000000
1.941846   0.000000
1.944322   0.000000
1.946798   0.000000
1.949275   0.000000
1.951751   0.000000
1.954227   0.000000
1.956703   0.000000
1.959180   0.000000
1.961656   0.000000
1.964132   0.000000
1.966608   0.000000
1.969085   0.000000
1.971561   0.000000
1.974037   0.000000
1.976513   0.000000
1.978989   0.000000
1.981466   0.000000
1.983942   0.000000
1.986418   0.000000
1.988894   0.000000
1.991371   0.000000
1.993847   0.000000
1.996323   0.000000
1.998799   0.000000
2.001276   0.000000
2.003752   0.000000
2.006228   0.000000
2.008704   0.000000
2.011181   0.000000
2.013657   0.000000
2.016133   0.000000
2.018609   0.000000
2.021086   0.000000
2.023562   0.000000
2.026038   0.000000
2.028514   0.000000
2.030990   0.000000
2.033467   0.000000
2.035943   0.000000
2.038419   0.000000
2.040895   0.000000
2.043372   0.000000
2.045848   0.000000
2.048324   0.000000
2.050800   0.000000
2.053277   0.000000
2.055753   0.000000
2.058229   0.000000
2.060705   0.000000
2.063182   0.000000
2.065658   0.000000
2.068134   0.000000
2.070610   0.000000
2.073087   0.000000
2.075563   0.000000
2.078039   0.000000
2.080515   0.000000
2.082991   0.000000
2.085468   0.000000
2.087944   0.000000
2.090420   0.000000
2.092896   0.000000
2.095373   0.000000
2.097849   0.000000
2.100325   0.000000
2.102801   0.000000
2.105278   0.000000
2.107754   0.000000
2.110230   0.000000
2.112706   0.000000
2.115183   0.000000
2.117659   0.000000
2.120135   0.000000
2.122611   0.000000
2.125088   0.000000
2.127564   0.000000
2.130040   0.000000
2.132516   0.000000
2.134992   0.000000
2.137469   0.000000
2.139945   0.000000
2.142421   0.000000
2.144897   0.000000
2.147374   0.000000
2.149850   0.000000
2.152326   0.000000
2.154802   0.000000
2.157279   0.000000
2.159755   0.000000
2.162231   0.000000
2.164707   0.000000
2.167184   0.000000
2.169660   0.000000
2.172136   0.000000
2.174612   0.000000
2.177089   0.000000
2.179565   0.000000
2.182041   0.000000
2.184517   0.000000
2.186993   0.000000
2.189470   0.000000
2.191946   0.000000
2.194422   0.000000
2.196898   0.000000
2.199375   0.000000
2.201851   0.000000
2.204327   0.000000
2.206803   0.000000
2.209280   0.000000
2.211756   0.000000
2.214232   0.000000
2.216708   0.000000
2.219185   0.000000
2.221661   0.000000
2.224137   0.000000
2.226613   0.000000
2.229090   0.000000
2.231566   0.000000
2.234042   0.000000
2.236518   0.000000
2.238994   0.000000
2.241471   0.000000
2.243947   0.000000
2.246423   0.000000
2.248899   0.000000
2.251376   0.000000
2.253852   0.000000
2.256328   0.000000
2.258804   0.000000
2.261281   0.000000
2.263757   0.000000
2.266233   0.000000
2.268709   0.000000
2.271186   0.000000
2.273662   0.000000
2.276138   0.000000
2.278614   0.000000
2.281091   0.000000
2.283567   0.000000
2.286043   0.000000
2.288519   0.000000
2.290995   0.000000
2.293472   0.000000
2.295948   0.000000
2.298424   0.000000
2.300900   0.000000
2.303377   0.000000
2.305853   0.000000
2.308329   0.000000
2.310805   0.000000
2.313282   0.000000
2.315758   0.000000
2.318234   0.000000
2.320710   0.000000
2.323187   0.000000
2.325663   0.000000
2.328139   0.000000
2.330615   0.000000
2.333092   0.000000
2.335568   0.000000
2.338044   0.000000
2.340520   0.000000
2.342996   0.000000
2.345473   0.000000
2.347949   0.000000
2.350425   0.000000
2.352901   0.000000
2.355378   0.000000
2.357854   0.000000
2.360330   0.000000
2.362806   0.000000
2.365283   0.000000
2.367759   0.000000
2.370235   0.000000
2.372711   0.000000
2.375188   0.000000
2.377664   0.000000
2.380140   0.000000
2.382616   0.000000
2.385093   0.000000
2.387569   0.000000
2.390045   0.000000
2.392521   0.000000
2.394997   0.000000
2.397474   0.000000
2.399950   0.000000
2.402426   0.000000
2.404902   0.000000
2.407379   0.000000
2.409855   0.000000
2.412331   0.000000
2.414807   0.000000
2.417284   0.000000
2.419760   0.000000
2.422236   0.000000
2.424712   0.000000
2.427189   0.000000
2.429665   0.000000
2.432141   0.000000
2.434617   0.000000
2.437094   0.000000
2.439570   0.000000
2.442046   0.000000
2.444522   0.000000
2.446998   0.000000
2.449475   0.000000
2.451951   0.000000
2.454427   0.000000
2.456903   0.000000
2.459380   0.000000
2.461856   0.000000
2.464332   0.000000
2.466808   0.000000
2.469285   0.000000
2.471761   0.000000
2.474237   0.000000
2.476713   0.000000
2.479190   0.000000
2.481666   0.000000
2.484142   0.000000
2.486618   0.000000
2.489095   0.000000
2.491571   0.000000
2.494047   0.000000
2.496523   0.000000
2.498999   0.000000
2.501476   0.000000
2.503952   0.000000
2.506428   0.000000
2.508904   0.000000
2.511381   0.000000
2.513857   0.000000
2.516333   0.000000
2.518809   0.000000
2.521286   0.000000
2.523762   0.000000
2.526238   0.000000
2.528714   0.000000
2.531191   0.000000
2.533667   0.000000
2.536143   0.000000
2.538619   0.000000
2.541096   0.000000
2.543572   0.000000
2.546048   0.000000
2.548524   0.000000
2.551001   0.000000
2.553477   0.000000
2.555953   0.000000
2.558429   0.000000
2.560905   0.000000
2.563382   0.000000
2.565858   0.000000
2.568334   0.000000
2.570810   0.000000
2.573287   0.000000
2.575763   0.000000
2.578239   0.000000
2.580715   0.000000
2.583192   0.000000
2.585668   0.000000
2.588144   0.000000
2.590620   0.000000
2.593097   0.000000
2.595573   0.000000
2.598049   0.000000
2.600525   0.000000
2.603002   0.000000
2.605478   0.000000
2.607954   0.000000
2.610430   0.000000
2.612906   0.000000
2.615383   0.000000
2.617859   0.000000
2.620335   0.000000
2.622811   0.000000
2.625288   0.000000
2.627764   0.000000
2.630240   0.000000
2.632716   0.000000
2.635193   0.000000
2.637669   0.000000
2.640145   0.000000
2.642621   0.000000
2.645098   0.000000
2.647574   0.000000
2.650050   0.000000
2.652526   0.000000
2.655003   0.000000
2.657479   0.000000
2.659955   0.000000
2.662431   0.000000
2.664907   0.000000
2.667384   0.000000
2.669860   0.000000
2.672336   0.000000
2.674812   0.000000
2.677289   0.000000
2.679765   0.000000
2.682241   0.000000
2.684717   0.000000
2.687194   0.000000
2.689670   0.000000
2.692146   0.000000
2.694622   0.000000
2.697099   0.000000
2.699575   0.000000
2.702051   0.000000
2.704527   0.000000
2.707004   0.000000
2.709480   0.000000
2.711956   0.000000
2.714432   0.000000
2.716908   0.000000
2.719385   0.000000
2.721861   0.000000
2.724337   0.000000
2.726813   0.000000
2.729290   0.000000
2.731766   0.000000
2.734242   0.000000
2.736718   0.000000
2.739195   0.000000
2.741671   0.000000
2.744147   0.000000
2.746623   0.000000
2.749100   0.000000
2.751576   0.000000
2.754052   0.000000
2.756528   0.000000
2.759005   0.000000
2.761481   0.000000
2.763957   0.000000
2.766433   0.000000
2.768909   0.000000
2.771386   0.000000
2.773862   0.000000
2.776338   0.000000
2.778814   0.000000
2.781291   0.000000
2.783767   0.000000
2.786243   0.000000
2.788719   0.000000
2.791196   0.000000
2.793672   0.000000
2.796148   0.000000
2.798624   0.000000
2.801101   0.000000
2.803577   0.000000
2.806053   0.000000
2.808529   0.000000
2.811006   0.000000
2.813482   0.000000
2.815958   0.000000
2.818434   0.000000
2.820910   0.000000
2.823387   0.000000
2.825863   0.000000
2.828339   0.000000
2.830815   0.000000
2.833292   0.000000
2.835768   0.000000
2.838244   0.000000
2.840720   0.000000
2.843197   0.000000
2.845673   0.000000
2.848149   0.000000
2.850625   0.000000
2.853102   0.000000
2.855578   0.000000
2.858054   0.000000
2.860530   0.000000
2.863007   0.000000
2.865483   0.000000
2.867959   0.000000
2.870435   0.000000
2.872911   0.000000
2.875388   0.000000
2.877864   0.000000
2.880340   0.000000
2.882816   0.000000
2.885293   0.000000
2.887769   0.000000
2.890245   0.000000
2.892721   0.000000
2.895198   0.000000
2.897674   0.000000
2.900150   0.000000
2.902626   0.000000
2.905103   0.000000
2.907579   0.000000
2.910055   0.000000
2.912531   0.000000
2.915008   0.000000
2.917484   0.000000
2.919960   0.000000
2.922436   0.000000
2.924912   0.000000
2.927389   0.000000
2.929865   0.000000
2.932341   0.000000
2.934817   0.000000
2.937294   0.000000
2.939770   0.000000
2.942246   0.000000
2.944722   0.000000
2.947199   0.000000
2.949675   0.000000
2.952151   0.000000
2.954627   0.000000
2.957104   0.000000
2.959580   0.000000
2.962056   0.000000
2.964532   0.000000
2.967009   0.000000
2.969485   0.000000
2.971961   0.000000
2.974437   0.000000
2.976913   0.000000
2.979390   0.000000
2.981866   0.000000
2.984342   0.000000
2.986818   0.000000
2.989295   0.000000
2.991771   0.000000
2.994247   0.000000
2.996723   0.000000
2.999200   0.000000
3.001676   0.000000
3.004152   0.000000
3.006628   0.000000
3.009105   0.000000
3.011581   0.000000
3.014057   0.000000
3.016533   0.000000
3.019010   0.000000
3.021486   0.000000
3.023962   0.000000
3.026438   0.000000
3.028914   0.000000
3.031391   0.000000
3.033867   0.000000
3.036343   0.000000
3.038819   0.000000
3.041296   0.000000
3.043772   0.000000
3.046248   0.000000
3.048724   0.000000
3.051201   0.000000
3.053677   0.000000
3.056153   0.000000
3.058629   0.000000
3.061106   0.000000
3.063582   0.000000
3.066058   0.000000
3.068534   0.000000
3.071011   0.000000
3.073487   0.000000
3.075963   0.000000
3.078439   0.000000
3.080915   0.000000
3.083392   0.000000
3.085868   0.000000
3.088344   0.000000
3.090820   0.000000
3.093297   0.000000
3.095773   0.000000
3.098249   0.000000
3.100725   0.000000
3.103202   0.000000
3.105678   0.000000
3.108154   0.000000
3.110630   0.000000
3.113107   0.000000
3.115583   0.000000
3.118059   0.000000
3.120535   0.000000
3.123012   0.000000
3.125488   0.000000
3.127964   0.000000
3.130440   0.000000
3.132916   0.000000
3.135393   0.000000
3.137869   0.000000
3.140345   0.000000
3.142821   0.000000
3.145298   0.000000
3.147774   0.000000
3.150250   0.000000
3.152726   0.000000
3.155203   0.000000
3.157679   0.000000
3.160155   0.000000
3.162631   0.000000
3.165108   0.000000
3.167584   0.000000
3.170060   0.000000
3.172536   0.000000
3.175013   0.000000
3.177489   0.000000
3.179965   0.000000
3.182441   0.000000
3.184917   0.000000
3.187394   0.000000
3.189870   0.000000
3.192346   0.000000
3.194822   0.000000
3.197299   0.000000
3.199775   0.000000
3.202251   0.000000
3.204727   0.000000
3.207204   0.000000
3.209680   0.000000
3.212156   0.000000
3.214632   0.000000
3.217109   0.000000
3.219585   0.000000
3.222061   0.000000
3.224537   0.000000
3.227014   0.000000
3.229490   0.000000
3.231966   0.000000
3.234442   0.000000
3.236918   0.000000
3.239395   0.000000
3.241871   0.000000
3.244347   0.000000
3.246823   0.000000
3.249300   0.000000
3.251776   0.000000
3.254252   0.000000
3.256728   0.000000
3.259205   0.000000
3.261681   0.000000
3.264157   0.000000
3.266633   0.000000
3.269110   0.000000
3.271586   0.000000
3.274062   0.000000
3.276538   0.000000
3.279015   0.000000
3.281491   0.000000
3.283967   0.000000
3.286443   0.000000
3.288919   0.000000
3.291396   0.000000
3.293872   0.000000
3.296348   0.000000
3.298824   0.000000
3.301301   0.000000
3.303777   0.000000
3.306253   0.000000
3.308729   0.000000
3.311206   0.000000
3.313682   0.000000
3.316158   0.000000
3.318634   0.000000
3.321111   0.000000
3.323587   0.000000
3.326063   0.000000
3.328539   0.000000
3.331016   0.000000
3.333492   0.000000
3.335968   0.000000
3.338444   0.000000
3.340920   0.000000
3.343397   0.000000
3.345873   0.000000
3.348349   0.000000
3.350825   0.000000
3.353302   0.000000
3.355778   0.000000
3.358254   0.000000
3.360730   0.000000
3.363207   0.000000
3.365683   0.000000
3.368159   0.000000
3.370635   0.000000
3.373112   0.000000
3.375588   0.000000
3.378064   0.000000
3.380540   0.000000
3.383017   0.000000
3.385493   0.000000
3.387969   0.000000
3.390445   0.000000
3.392921   0.000000
3.395398   0.000000
3.397874   0.000000
3.400350   0.000000
3.402826   0.000000
3.405303   0.000000
3.407779   0.000000
3.410255   0.000000
3.412731   0.000000
3.415208   0.000000
3.417684   0.000000
3.420160   0.000000
3.422636   0.000000
3.425113   0.000000
3.427589   0.000000
3.430065   0.000000
3.432541   0.000000
3.435018   0.000000
3.437494   0.000000
3.439970   0.000000
3.442446   0.000000
3.444922   0.000000
3.447399   0.000000
3.449875   0.000000
3.452351   0.000000
3.454827   0.000000
3.457304   0.000000
3.459780   0.000000
3.462256   0.000000
3.464732   0.000000
3.467209   0.000000
3.469685   0.000000
3.472161   0.000000
3.474637   0.000000
3.477114   0.000000
3.479590   0.000000
3.482066   0.000000
3.484542   0.000000
3.487019   0.000000
3.489495   0.000000
3.491971   0.000000
3.494447   0.000000
3.496923   0.000000
3.499400   0.000000
3.501876   0.000000
3.504352   0.000000
3.506828   0.000000
3.509305   0.000000
3.511781   0.000000
3.514257   0.000000
3.516733   0.000000
3.519210   0.000000
3.521686   0.000000
3.524162   0.000000
3.526638   0.000000
3.529115   0.000000
3.531591   0.000000
3.534067   0.000000
3.536543   0.000000
3.539020   0.000000
3.541496   0.000000
3.543972   0.000000
3.546448   0.000000
3.548924   0.000000
3.551401   0.000000
3.553877   0.000000
3.556353   0.000000
3.558829   0.000000
3.561306   0.000000
3.563782   0.000000
3.566258   0.000000
3.568734   0.000000
3.571211   0.000000
3.573687   0.000000
3.576163   0.000000
3.578639   0.000000
3.581116   0.000000
3.583592   0.000000
3.586068   0.000000
3.588544   0.000000
3.591021   0.000000
3.593497   0.000000
3.595973   0.000000
3.598449   0.000000
3.600925   0.000000
3.603402   0.000000
3.605878   0.000000
3.608354   0.000000
3.610830   0.000000
3.613307   0.000000
3.615783   0.000000
3.618259   0.000000
3.620735   0.000000
3.623212   0.000000
3.625688   0.000000
3.628164   0.000000
3.630640   0.000000
3.633117   0.000000
3.635593   0.000000
3.638069   0.000000
3.640545   0.000000
3.643022   0.000000
3.645498   0.000000
3.647974   0.000000
3.650450   0.000000
3.652926   0.000000
3.655403   0.000000
3.657879   0.000000
3.660355   0.000000
3.662831   0.000000
3.665308   0.000000
3.667784   0.000000
3.670260   0.000000
3.672736   0.000000
3.675213   0.000000
3.677689   0.000000
3.680165   0.000000
3.682641   0.000000
3.685118   0.000000
3.687594   0.000000
3.690070   0.000000
3.692546   0.000000
3.695023   0.000000
3.697499   0.000000
3.699975   0.000000
3.702451   0.000000
3.704927   0.000000
3.707404   0.000000
3.709880   0.000000
3.712356   0.000000
3.714832   0.000000
3.717309   0.000000
3.719785   0.000000
3.722261   0.000000
3.724737   0.000000
3.727214   0.000000
3.729690   0.000000
3.732166   0.000000
3.734642   0.000000
3.737119   0.000000
3.739595   0.000000
3.742071   0.000000
3.744547   0.000000
3.747024   0.000000
3.749500   0.000000
3.751976   0.000000
3.754452   0.000000
3.756928   0.000000
3.759405   0.000000
3.761881   0.000000
3.764357   0.000000
3.766833   0.000000
3.769310   0.000000
3.771786   0.000000
3.774262   0.000000
3.776738   0.000000
3.779215   0.000000
3.781691   0.000000
3.784167   0.000000
3.786643   0.000000
3.789120   0.000000
3.791596   0.000000
3.794072   0.000000
3.796548   0.000000
3.799025   0.000000
3.801501   0.000000
3.803977   0.000000
3.806453   0.000000
3.808929   0.000000
3.811406   0.000000
3.813882   0.000000
3.816358   0.000000
3.818834   0.000000
3.821311   0.000000
3.823787   0.000000
3.826263   0.000000
3.828739   0.000000
3.831216   0.000000
3.833692   0.000000
3.836168   0.000000
3.838644   0.000000
3.841121   0.000000
3.843597   0.000000
3.846073   0.000000
3.848549   0.000000
3.851026   0.000000
3.853502   0.000000
3.855978   0.000000
3.858454   0.000000
3.860930   0.000000
3.863407   0.000000
3.865883   0.000000
3.868359   0.000000
3.870835   0.000000
3.873312   0.000000
3.875788   0.000000
3.878264   0.000000
3.880740   0.000000
3.883217   0.000000
3.885693   0.000000
3.888169   0.000000
3.890645   0.000000
3.893122   0.000000
3.895598   0.000000
3.898074   0.000000
3.900550   0.000000
3.903027   0.000000
3.905503   0.000000
3.907979   0.000000
3.910455   0.000000
3.912931   0.000000
3.915408   0.000000
3.917884   0.000000
3.920360   0.000000
3.922836   0.000000
3.925313   0.000000
3.927789   0.000000
3.930265   0.000000
3.932741   0.000000
3.935218   0.000000
3.937694   0.000000
3.940170   0.000000
3.942646   0.000000
3.945123   0.000000
3.947599   0.000000
3.950075   0.000000
3.952551   0.000000
3.955028   0.000000
3.957504   0.000000
3.959980   0.000000
3.962456   0.000000
3.964932   0.000000
3.967409   0.000000
3.969885   0.000000
3.972361   0.000000
3.974837   0.000000
3.977314   0.000000
3.979790   0.000000
3.982266   0.000000
3.984742   0.000000
3.987219   0.000000
3.989695   0.000000
3.992171   0.000000
3.994647   0.000000
3.997124   0.000000
3.999600   0.000000
4.002076   0.000000
4.004552   0.000000
4.007029   0.000000
4.009505   0.000000
4.011981   0.000000
4.014457   0.000000
4.016933   0.000000
4.019410   0.000000
4.021886   0.000000
4.024362   0.000000
4.026838   0.000000
4.029315   0.000000
4.031791   0.000000
4.034267   0.000000
4.036743   0.000000
4.039220   0.000000
4.041696   0.000000
4.044172   0.000000
4.046648   0.000000
4.049125   0.000000
4.051601   0.000000
4.054077   0.000000
4.056553   0.000000
4.059030   0.000000
4.061506   0.000000
4.063982   0.000000
4.066458   0.000000
4.068934   0.000000
4.071411   0.000000
4.073887   0.000000
4.076363   0.000000
4.078839   0.000000
4.081316   0.000000
4.083792   0.000000
4.086268   0.000000
4.088744   0.000000
4.091221   0.000000
4.093697   0.000000
4.096173   0.000000
4.098649   0.000000
4.101126   0.000000
4.103602   0.000000
4.106078   0.000000
4.108554   0.000000
4.111031   0.000000
4.113507   0.000000
4.115983   0.000000
4.118459   0.000000
4.120935   0.000000
4.123412   0.000000
4.125888   0.000000
4.128364   0.000000
4.130840   0.000000
4.133317   0.000000
4.135793   0.000000
4.138269   0.000000
4.140745   0.000000
4.143222   0.000000
4.145698   0.000000
4.148174   0.000000
4.150650   0.000000
4.153127   0.000000
4.155603   0.000000
4.158079   0.000000
4.160555   0.000000
4.163032   0.000000
4.165508   0.000000
4.167984   0.000000
4.170460   0.000000
4.172936   0.000000
4.175413   0.000000
4.177889   0.000000
4.180365   0.000000
4.182841   0.000000
4.185318   0.000000
4.187794   0.000000
4.190270   0.000000
4.192746   0.000000
4.195223   0.000000
4.197699   0.000000
4.200175   0.000000
4.202651   0.000000
4.205128   0.000000
4.207604   0.000000
4.210080   0.000000
4.212556   0.000000
4.215033   0.000000
4.217509   0.000000
4.219985   0.000000
4.222461   0.000000
4.224937   0.000000
4.227414   0.000000
4.229890   0.000000
4.232366   0.000000
4.234842   0.000000
4.237319   0.000000
4.239795   0.000000
4.242271   0.000000
4.244747   0.000000
4.247224   0.000000
4.249700   0.000000
4.252176   0.000000
4.254652   0.000000
4.257129   0.000000
4.259605   0.000000
4.262081   0.000000
4.264557   0.000000
4.267034   0.000000
4.269510   0.000000
4.271986   0.000000
4.274462   0.000000
4.276938   0.000000
4.279415   0.000000
4.281891   0.000000
4.284367   0.000000
4.286843   0.000000
4.289320   0.000000
4.291796   0.000000
4.294272   0.000000
4.296748   0.000000
4.299225   0.000000
4.301701   0.000000
4.304177   0.000000
4.306653   0.000000
4.309130   0.000000
4.311606   0.000000
4.314082   0.000000
4.316558   0.000000
4.319035   0.000000
4.321511   0.000000
4.323987   0.000000
4.326463   0.000000
4.328939   0.000000
4.331416   0.000000
4.333892   0.000000
4.336368   0.000000
4.338844   0.000000
4.341321   0.000000
4.343797   0.000000
4.346273   0.000000
4.348749   0.000000
4.351226   0.000000
4.353702   0.000000
4.356178   0.000000
4.358654   0.000000
4.361131   0.000000
4.363607   0.000000
4.366083   0.000000
4.368559   0.000000
4.371036   0.000000
4.373512   0.000000
4.375988   0.000000
4.378464   0.000000
4.380940   0.000000
4.383417   0.000000
4.385893   0.000000
4.388369   0.000000
4.390845   0.000000
4.393322   0.000000
4.395798   0.000000
4.398274   0.000000
4.400750   0.000000
4.403227   0.000000
4.405703   0.000000
4.408179   0.000000
4.410655   0.000000
4.413132   0.000000
4.415608   0.000000
4.418084   0.000000
4.420560   0.000000
4.423037   0.000000
4.425513   0.000000
4.427989   0.000000
4.430465   0.000000
4.432941   0.000000
4.435418   0.000000
4.437894   0.000000
4.440370   0.000000
4.442846   0.000000
4.445323   0.000000
4.447799   0.000000
4.450275   0.000000
4.452751   0.000000
4.455228   0.000000
4.457704   0.000000
4.460180   0.000000
4.462656   0.000000
4.465133   0.000000
4.467609   0.000000
4.470085   0.000000
4.472561   0.000000
4.475038   0.000000
4.477514   0.000000
4.479990   0.000000
4.482466   0.000000
4.484942   0.000000
4.487419   0.000000
4.489895   0.000000
4.492371   0.000000
4.494847   0.000000
4.497324   0.000000
4.499800   0.000000
4.502276   0.000000
4.504752   0.000000
4.507229   0.000000
4.509705   0.000000
4.512181   0.000000
4.514657   0.000000
4.517134   0.000000
4.519610   0.000000
4.522086   0.000000
4.524562   0.000000
4.527039   0.000000
4.529515   0.000000
4.531991   0.000000
4.534467   0.000000
4.536943   0.000000
4.539420   0.000000
4.541896   0.000000
4.544372   0.000000
4.546848   0.000000
4.549325   0.000000
4.551801   0.000000
4.554277   0.000000
4.556753   0.000000
4.559230   0.000000
4.561706   0.000000
4.564182   0.000000
4.566658   0.000000
4.569135   0.000000
4.571611   0.000000
4.574087   0.000000
4.576563   0.000000
4.579040   0.000000
4.581516   0.000000
4.583992   0.000000
4.586468   0.000000
4.588944   0.000000
4.591421   0.000000
4.593897   0.000000
4.596373   0.000000
4.598849   0.000000
4.601326   0.000000
4.603802   0.000000
4.606278   0.000000
4.608754   0.000000
4.611231   0.000000
4.613707   0.000000
4.616183   0.000000
4.618659   0.000000
4.621136   0.000000
4.623612   0.000000
4.626088   0.000000
4.628564   0.000000
4.631041   0.000000
4.633517   0.000000
4.635993   0.000000
4.638469   0.000000
4.640945   0.000000
4.643422   0.000000
4.645898   0.000000
4.648374   0.000000
4.650850   0.000000
4.653327   0.000000
4.655803   0.000000
4.658279   0.000000
4.660755   0.000000
4.663232   0.000000
4.665708   0.000000
4.668184   0.000000
4.670660   0.000000
4.673137   0.000000
4.675613   0.000000
4.678089   0.000000
4.680565   0.000000
4.683042   0.000000
4.685518   0.000000
4.687994   0.000000
4.690470   0.000000
4.692946   0.000000
4.695423   0.000000
4.697899   0.000000
4.700375   0.000000
4.702851   0.000000
4.705328   0.000000
4.707804   0.000000
4.710280   0.000000
4.712756   0.000000
4.715233   0.000000
4.717709   0.000000
4.720185   0.000000
4.722661   0.000000
4.725138   0.000000
4.727614   0.000000
4.730090   0.000000
4.732566   0.000000
4.735043   0.000000
4.737519   0.000000
4.739995   0.000000
4.742471   0.000000
4.744947   0.000000
4.747424   0.000000
4.749900   0.000000
4.752376   0.000000
4.754852   0.000000
4.757329   0.000000
4.759805   0.000000
4.762281   0.000000
4.764757   0.000000
4.767234   0.000000
4.769710   0.000000
4.772186   0.000000
4.774662   0.000000
4.777139   0.000000
4.779615   0.000000
4.782091   0.000000
4.784567   0.000000
4.787044   0.000000
4.789520   0.000000
4.791996   0.000000
4.794472   0.000000
4.796948   0.000000
4.799425   0.000000
4.801901   0.000000
4.804377   0.000000
4.806853   0.000000
4.809330   0.000000
4.811806   0.000000
4.814282   0.000000
4.816758   0.000000
4.819235   0.000000
4.821711   0.000000
4.824187   0.000000
4.826663   0.000000
4.829140   0.000000
4.831616   0.000000
4.834092   0.000000
4.836568   0.000000
4.839045   0.000000
4.841521   0.000000
4.843997   0.000000
4.846473   0.000000
4.848949   0.000000
4.851426   0.000000
4.853902   0.000000
4.856378   0.000000
4.858854   0.000000
4.861331   0.000000
4.863807   0.000000
4.866283   0.000000
4.868759   0.000000
4.871236   0.000000
4.873712   0.000000
4.876188   0.000000
4.878664   0.000000
4.881141   0.000000
4.883617   0.000000
4.886093   0.000000
4.888569   0.000000
4.891046   0.000000
4.893522   0.000000
4.895998   0.000000
4.898474   0.000000
4.900950   0.000000
4.903427   0.000000
4.905903   0.000000
4.908379   0.000000
4.910855   0.000000
4.913332   0.000000
4.915808   0.000000
4.918284   0.000000
4.920760   0.000000
4.923237   0.000000
4.925713   0.000000
4.928189   0.000000
4.930665   0.000000
4.933142   0.000000
4.935618   0.000000
4.938094   0.000000
4.940570   0.000000
4.943047   0.000000
4.945523   0.000000
4.947999   0.000000
4.950475   0.000000
4.952951   0.000000
4.955428   0.000000
4.957904   0.000000
4.960380   0.000000
4.962856   0.000000
4.965333   0.000000
4.967809   0.000000
4.970285   0.000000
4.972761   0.000000
4.975238   0.000000
4.977714   0.000000
4.980190   0.000000
4.982666   0.000000
4.985143   0.000000
4.987619   0.000000
4.990095   0.000000
4.992571   0.000000
4.995048   0.000000
4.997524   0.000000
5.000000   0.000000
